BlockName,Category,Year,Month,Day,Crop,DistrictName,QueryType,Season,Sector,StateName,QueryText,KccAns,latitude,longitude
"0   ",0,2009,3,10,Tomato,JAMNAGAR,2,KHARIF,HORTICULTURE,GUJARAT,"Asking control for powdery mildew in tomato","Advice to use Wettable Sulphur Powder 15gmpump",22.4732,70.0552
"0   ",0,2009,4,21,Tomato,HAMIRPUR,2,RABI,HORTICULTURE,"HIMACHAL PRADESH","HOW TO CONTROL POWDERY MILDEW IN TOMATO ","SPRAY KARATHANE50ML  100LITRES OF WATER",31.654,76.5404
"0   ",0,2009,8,10,Tomato,HAMIRPUR,2,JAYAD,HORTICULTURE,"HIMACHAL PRADESH","HOW TO CONTROL POWDERY MILDEW IN TOMATO ","SPRAY KARATHANE50ML100LITRES OF WATER",31.654,76.5404
"0   ",0,2009,7,3,Tomato,KULLU,2,JAYAD,HORTICULTURE,"HIMACHAL PRADESH","HOW TO CONTROL POWDERY MILDEW OF TOMATO ","SPARY HEXACONOZOL  5 ML LITER OF WATER ",31.9579,77.1089
"0   ",0,2009,7,7,Tomato,KULLU,2,JAYAD,HORTICULTURE,"HIMACHAL PRADESH","INFORMATION REGARDING HOW TO CONTROL POWDERY MILDEW IN TOMATO ","SPRAY HEXACONOZOL 5 ML  LITER OF WATER AFTER THISH SPRAY HAYNOCAP 10 GM  LITER",31.9579,77.1089
"0   ",0,2009,7,21,Tomato,KULLU,2,JAYAD,HORTICULTURE,"HIMACHAL PRADESH","INFORMATION REGARDING HOW TO CONTROL POWDERY MILDEW OF TOMATO ","SPRAY HEXACONOZOL  5 ML  LITER OF WATER AFTER THIS SPRAY HYNOCAP  10 GM  LITER OF WATER",31.9579,77.1089
"0   ",0,2009,7,4,Tomato,MANDI,2,JAYAD,HORTICULTURE,"HIMACHAL PRADESH","HOW TO CONTROL POWDERY MILDEW IN TOMATO ","SPRAY HEXACONOZOL  5 ML  LITER OF WATER  AFTER THISH SPRAY HYNOCAP  10 GM  LITEROF WATER",31.6517,77.0093
"0   ",0,2009,7,22,Tomato,MANDI,2,JAYAD,HORTICULTURE,"HIMACHAL PRADESH","HOW TO CONTROL POWDERY MILDEW OF TOMATO ","SPRAY HEXACONOJOL  5 ML  1 LITER OF WATER AFTER THIS SPRAY HYNOCAP  10 GM  1 LITER OF WATER",31.6517,77.0093
"0   ",0,2009,9,4,Tomato,MANDI,2,JAYAD,HORTICULTURE,"HIMACHAL PRADESH","HOW TO CONTROL POWDERY MILDEW OF TOMATO ","SPRAY HEXACONOZOL  5ML  LITER OF WATER AFTER THIS SPRAY HYNOCAP  10 GM  LITER OF WATER",31.6517,77.0093
"0   ",0,2009,7,4,Tomato,SHIMLA,2,JAYAD,HORTICULTURE,"HIMACHAL PRADESH","INFORMATION REGARDING HOW TO CONTROL POWDERY MILDEW IN TOMATO ","SPRAY HEXACONOZOL  5 ML  LITER OF WATER AFTER THISH SPRAY HYNOCAP  10 GM LITER OF WATER",31.1042,77.171
"0   ",0,2009,7,18,Tomato,SHIMLA,2,JAYAD,HORTICULTURE,"HIMACHAL PRADESH","HOW TO CONTROL POWDERY MILDEW OF TOMATO ","SPRAY HEXACONOZOL  5 ML  LITER OF WATER AFTER THIS SPRAY HYNOCAP  10 GM  LITER OF WATER",31.1042,77.171
"0   ",0,2009,8,20,Tomato,SHIMLA,2,JAYAD,HORTICULTURE,"HIMACHAL PRADESH","HOW TO CONTROL POWDERY MILDEW OF TOMATO ","SPRAY HEXACONOZOL  5 ML  1 LITER OF WATER AFTER THIS SPRAY HYNOCAP  10 GM  LITER OF WATER",31.1042,77.171
"0   ",0,2009,8,19,Tomato,SIRMAUR,2,JAYAD,HORTICULTURE,"HIMACHAL PRADESH","HOW TO CONTROL POWDERY MILDEW OF TOMATO ","SPRAY HEXACONOZOL  5 ML  10 LITER OF WATER AFTER THISH SPRAY HYNOCAP  10 GM 1 LITER OF WATER",30.6991,77.4465
"0   ",0,2009,8,19,Tomato,SIRMAUR,2,JAYAD,HORTICULTURE,"HIMACHAL PRADESH","HOW TO CONTROL POWDERY MILDEW OF TOMATO ","SPRAY HEXACONOZOL 5 ML 10 LITER AFTER HAYNOCAP  10 GM  1 LITER",30.6991,77.4465
"0   ",0,2009,7,11,Tomato,SOLAN,2,JAYAD,HORTICULTURE,"HIMACHAL PRADESH","INFORMATION REGARDING POWDERY MILDEW OF TOMATO ","SPRAY HEXACONOZOL  5 ML  LITER OF WATER AFTER THISH SPRAY HYNOCAP  10 GM  LITER OF WATER",30.9078,77.1024
"0   ",0,2009,7,12,Tomato,SOLAN,2,JAYAD,HORTICULTURE,"HIMACHAL PRADESH","INFORMATION REGARDING HOW TO CONTROL POWDERY MILDEW OF TOMATO ","SPRAY HEXACONOZOL  5 ML  LITER OF WATER AFTER THIS SPRAY HYNOCAP  10 GM  LITER OF WATER",30.9078,77.1024
"0   ",0,2009,7,15,Tomato,SOLAN,2,JAYAD,HORTICULTURE,"HIMACHAL PRADESH","INFORMATION REGARDING HOW TO CONTROL POWDERY MILDEW OF TOMATO ","SPRAY HEXACONOZOL  5 ML LITER OF WATER AFTER THIS SPRAY HYNOCAP  10 GM  LITER OF WATER",30.9078,77.1024
"0   ",0,2009,8,21,Tomato,SOLAN,2,JAYAD,HORTICULTURE,"HIMACHAL PRADESH","HOW TO CONTROL POWDERY MILDEW OF TOMATO ","SPREY HEXACONOZOL  5 ML  1 LITER OF WATER AFTER THIS SPRAY HYNOCAP  10 GM  1 LITER OF WATER",30.9078,77.1024
"0   ",0,2009,9,2,Tomato,SOLAN,2,JAYAD,HORTICULTURE,"HIMACHAL PRADESH","HOW TO CONTROL POWDERY MILDEW OF TOMATO ","SPRAY HEXACONOZOL  5 ML  LITER OF WATER AFTER THIS SPRAY HYNOCAP  10 GM  LITER OF WATER",30.9078,77.1024
"0   ",0,2009,8,20,Tomato,UNA,2,JAYAD,HORTICULTURE,"HIMACHAL PRADESH","INFORMATION REGARDING HOW TO CONTROL POWDERY MILDEW OF TOMATO ","SPRAY HEXACONOZOL  5 ML  1 LITER OF WATER AFTER THIS SPRAY HYNOCAP  10 GM  1 LITER OF WATER",31.5835,76.2351
"0   ",0,2009,9,1,Tomato,UNA,2,JAYAD,HORTICULTURE,"HIMACHAL PRADESH","HOW TO CONTROL POWDERY MILDEW OF TOMATO ","SPRAY HEXACONOZOL  5 ML  LITER OF WATER",31.5835,76.2351
"0   ",0,2009,7,18,Tomato,UDHAMPUR,2,JAYAD,HORTICULTURE,"JAMMU AND KASHMIR","INFORMATION REGARDING HOW TO CONTROL POWDERY MILDEW IN TOMATO ","SPRAY WITH WETABLE SULPHUR 2 25GMLITRE OF WATER",32.912,75.3266
"0   ",0,2009,7,19,Tomato,JAMMU,2,JAYAD,HORTICULTURE,"JAMMU AND KASHMIR","INFORMATION REGARDING HOW TO CONTROL POWDERY MILDEW IN TOMATO ","SPRAY WITH WETABLE SULPHUR 2 25GMLITRE OF WATER",32.7186,74.8581
"0   ",0,2009,8,24,Tomato,JAMMU,2,JAYAD,HORTICULTURE,"JAMMU AND KASHMIR","INFORMATION REGARDING HOW TO CONTROL POWDERY MILDEW IN TOMATO ","SPRAY WITH POWDERY MILDEW  25GMLITRE OF WATER",32.7186,74.8581
"0   ",0,2009,8,30,Tomato,JAMMU,2,JAYAD,HORTICULTURE,"JAMMU AND KASHMIR","INFORMATION REGARDING HOW TO CONTROL POWDERY MILDEW IN TOMATO ","SPRAY WITH POWDERY MILDEW  25GMLITRE OF WATER",32.7186,74.8581
"0   ",0,2009,12,5,Tomato,JAMMU,75,KHARIF,HORTICULTURE,"JAMMU AND KASHMIR","INFORMATION REGARDING CONTROL OF POWDERY MILDEW IN TOMATO ","SPRAY WITH WETTABLE SULPHUR  25GMLITRE OF WATER",32.7186,74.8581
"0   ",0,2009,1,12,Tomato,CHHINDWARA,2,JAYAD,HORTICULTURE,"MADHYA PRADESH","control of powdery mildew in tomato","pls apply wettable sulphur  30mlpump",22.2072,78.7988
"0   ",0,2009,8,17,Tomato,MANDSAUR,5,JAYAD,HORTICULTURE,"MADHYA PRADESH","HOW TO CONTROL OF POWDERY MILDEW IN TOMATO ","TOLD TO APPLY HEXACONAZOLE  20 ML IN 15 LIT OF WATER",24.2628,75.3857
"0   ",0,2009,2,21,Tomato,DEWAS,2,KHARIF,HORTICULTURE,"MADHYA PRADESH","INFORMATION ABOUT CONTROL OF POWDERY MILDEW IN TOMATO","PLZAPPLY SPRAY HAZACONAZOL 15MLPUMP",22.8057,76.294
"0   ",0,2009,2,21,Tomato,SATNA,2,KHARIF,HORTICULTURE,"MADHYA PRADESH","INFORMATION ABOUT CONTROL OF POWDERY MILDEW IN TOMATO","PLZAPPLY SPRAY HAZACONAZOL 15MLPUMP",24.6954,80.777
"0   ",0,2009,5,21,Tomato,DHULE,2,RABI,HORTICULTURE,MAHARASHTRA,"INFECTION OF POWDERY MILDEW ON TOMATO","SPRAYING OF DENOCAP 10 ML OR GM SULPHUR IN 10 LIT OF WATER",21.1305,74.4901
"0   ",0,2009,5,25,Tomato,AHMADNAGAR,2,RABI,HORTICULTURE,MAHARASHTRA,"CONTROL MEASURE FOR TOMATO POWDERY MILDEW","SPRAY WSSULPHER30GM10LITOF WATER",19.0744,74.722
"0   ",0,2009,6,15,Tomato,AHMADNAGAR,2,JAYAD,HORTICULTURE,MAHARASHTRA,"CONTROL MEASURE FOR POWDERY MILDEW ON TOMATO ","SPRAY MANCOZEB  20 ML IN 10 LTR WATER",19.0744,74.722
"0   ",0,2009,5,25,Tomato,AURANGABAD,2,JAYAD,HORTICULTURE,MAHARASHTRA,"Powdery mildew on Tomato","Spray water soluble Sulpher  30gm for 10 liter of water",19.8773,75.339
"0   ",0,2009,8,3,Tomato,OSMANABAD,"Fertilizer Use and Availability",JAYAD,HORTICULTURE,MAHARASHTRA,"CONTROL OF POWDERY MILDEW ON TOMATO","DUSTING OF 300 MESH SULPHUR",18.2822,76.0588
"0   ",0,2009,2,16,Tomato,BARDDHAMAN,2,KHARIF,HORTICULTURE,"WEST BENGAL","POWDERY MILDEW OF TOMATO","SPRAY MANCOZEB  25 GMLIT OF WATER",23.25,87.75
"0   ",0,2010,5,18,Tomato,SOLAN,75,JAYAD,HORTICULTURE,"HIMACHAL PRADESH","HOW TO CONTROL POWDERY MILDEW DISEASE ON TOMATO","SPRAY HEXACONAZOLE  5ML IN 10 LITRES OF WATER AND AFTER THAN SPRA HAINOCAP  10 GM LITRES OF WATER AT 10 DAYS AFTER REPEAT AGAIN",30.9078,77.1024
"0   ",0,2010,6,7,Tomato,SOLAN,76,JAYAD,HORTICULTURE,"HIMACHAL PRADESH","HOW TO CONTROL POWDERY MILDEW DISEASE ON TOMATO ","SPRAY ENDOSULFAN 35 EC  140 ML OR DECIS  100 ML IN 100 LITRES OF WATER",30.9078,77.1024
"0   ",0,2010,4,20,Tomato,JAMMU,75,RABI,HORTICULTURE,"JAMMU AND KASHMIR","INFORMATION REGARDING HOW TO CONTROL POWDERY MILDEW IN TOMATO CROP",nan,32.7186,74.8581
"0   ",0,2010,4,20,Tomato,JAMMU,75,RABI,HORTICULTURE,"JAMMU AND KASHMIR","INFORMATION REGARDING HOW TO CONTROL POWDERY MILDEW IN TOMATO CROP","SPRAY THE CROP WITH WETABLE SULPHUR  2gLITRE OF WATER",32.7186,74.8581
"0   ",0,2011,1,14,Tomato,MANDI,75,KHARIF,HORTICULTURE,"HIMACHAL PRADESH","How to control powdery mildew of Pea ","Spray Kerathean  5ml  10 liters of water",31.6517,77.0093
"0   ",Vegetables,2011,6,23,Tomato,BELGAUM,75,nan,HORTICULTURE,KARNATAKA,"powdery mildew","spray kavach 2gL",15.8573,74.5069
ARKALGUD,Vegetables,2011,7,12,Tomato,HASSAN,75,nan,HORTICULTURE,KARNATAKA,"powdery mildew","spray kavach 2gL",13.0302,76.1745
"0   ",Vegetables,2011,6,7,Tomato,KOLAR,75,nan,HORTICULTURE,KARNATAKA,"powdery mildew",nan,13.1805,78.2669
"0   ",Vegetables,2011,10,21,Tomato,TUMKUR,75,nan,HORTICULTURE,KARNATAKA,"powdery mildew","spray wettable sulphur 2gL",13.3401,77.1006
"0   ",0,2011,3,18,Tomato,PARBHANI,75,RABI,HORTICULTURE,MAHARASHTRA,"powdery mildew","sulphur 30 gm in 10 lts of water",19.2902,76.6026
NANDURA,Vegetables,2011,7,24,Tomato,BULDANA,102,JAYAD,HORTICULTURE,MAHARASHTRA,"Powdery mildew","Mancozeb 025",20.5628,76.4087
GOPICHETTIPALAIYAM,Vegetables,2011,12,15,Tomato,ERODE,75,KHARIF,HORTICULTURE,TAMILNADU,"control measure for powdery mildew in tomato","spray wettable sulphur 3glit of water",11.4905,77.3505
HOSUR,Vegetables,2011,12,15,Tomato,KRISHNAGIRI,75,KHARIF,HORTICULTURE,TAMILNADU,"control measure for tomato powdery mildew","spray wettable sulpur 3glit of water",12.5152,78.0094
"0   ",Vegetables,2011,12,31,Tomato,DARJEELING,75,KHARIF,HORTICULTURE,"WEST BENGAL","CONTROL OF POWDERY MILDEW IN TOMATO LEAF","SPRAY AZOXYSTROBIN 25 SC  1 MLLIT OF WATER",27.0378,88.2632
BUKKAPATNAM,Vegetables,2012,4,20,Tomato,ANANTPUR,75,nan,HORTICULTURE,"ANDHRA PRADESH","asked about control of powdery mildew","recommended to spray dinocap 1mllit",13.5747,78.5029
RAPTADU,Vegetables,2012,8,22,Tomato,ANANTPUR,0,nan,HORTICULTURE,"ANDHRA PRADESH","tomato powdery mildew","dinocap 1 ml in 1 lit",13.5747,78.5029
"0   ",Vegetables,2012,3,9,Tomato,"Y S R ",0,nan,HORTICULTURE,"ANDHRA PRADESH","control of powdery mildew in tomato","spraying of dynocap 2mllit water",15.9241,80.1864
NADAUN,Vegetables,2012,5,13,Tomato,HAMIRPUR,75,JAYAD,HORTICULTURE,"HIMACHAL PRADESH","how to control of powdery mildew of tomato ","spray of hexaconozol  5 ml in 10 litre water ",31.654,76.5404
BHAWARNA,Vegetables,2012,5,29,Tomato,KANGRA,75,JAYAD,HORTICULTURE,"HIMACHAL PRADESH","How to control  powdery mildew in tomato","Spray kerathin  5ml 10 liter of water",32.0769,76.2986
INDORA,Vegetables,2012,12,23,Tomato,KANGRA,75,KHARIF,HORTICULTURE,"HIMACHAL PRADESH","How to control Powdery mildew of Toamto ","Spray Indofil M-45  25 Gm 10 Liters of water",32.0769,76.2986
ANNI,Vegetables,2012,6,15,Tomato,KULLU,75,RABI,HORTICULTURE,"HIMACHAL PRADESH","How to control Powdery Mildew of Pea ","Spray Kerathean  10 ml 20 Liters of water",31.9579,77.1089
"MANDI SADAR",Vegetables,2012,4,20,Tomato,MANDI,75,JAYAD,HORTICULTURE,"HIMACHAL PRADESH","How to controll powdery mildew in tomato","Spray hexacanozol  5ml 1 liter of water",31.6517,77.0093
"0   ",Vegetables,2012,5,2,Tomato,MANDI,75,JAYAD,HORTICULTURE,"HIMACHAL PRADESH","How to controll powdery mildew in tomato","Spray kerathene 5ml 10 liter of water",31.6517,77.0093
SERAJ,Vegetables,2012,5,14,Tomato,MANDI,75,JAYAD,HORTICULTURE,"HIMACHAL PRADESH","how to control powdery mildew of tomato crop ","spray of hexaconozol  5 ml in 10 litre water ",31.6517,77.0093
KARSOG,Vegetables,2012,8,17,Tomato,MANDI,0,JAYAD,HORTICULTURE,"HIMACHAL PRADESH","HOW TO CONTROL POWDERY MILDEW OF TOMATO ","SPRAY KARATHANE5ML10LITRES OF WATER",31.6517,77.0093
"0   ",Vegetables,2012,5,7,Tomato,SHIMLA,75,RABI,HORTICULTURE,"HIMACHAL PRADESH","HOW TO CONTROL POWDERY MILDEW OF TOMATO ","SPRAY KARATHANE5ML10LITRES OF WATER",31.1042,77.171
THEOG,Vegetables,2012,5,12,Tomato,SHIMLA,100,JAYAD,HORTICULTURE,"HIMACHAL PRADESH","how to control  powdery mildew of tomato ","spray of  hexaconozol  5 ml 10 litre water ",31.1042,77.171
NARKANDA,Vegetables,2012,5,15,Tomato,SHIMLA,75,JAYAD,HORTICULTURE,"HIMACHAL PRADESH","how to control powdery mildew of pea ","spray of hexaconozol  5 ml in 10 litre water ",31.1042,77.171
"0   ",Vegetables,2012,8,17,Tomato,SHIMLA,75,JAYAD,HORTICULTURE,"HIMACHAL PRADESH","HOW TO CONTROL POWDERY MILDEW OF TOMATO ","SPRAY KARATHANE5ML10LITRES OF WATER",31.1042,77.171
RAJGARH,Vegetables,2012,4,15,Tomato,SIRMAUR,75,JAYAD,HORTICULTURE,"HIMACHAL PRADESH","How to controll powdery mildew in tomato","Spray hexoconojol  5ml 1 liter of water",30.6991,77.4465
PACHHAD,Vegetables,2012,5,19,Tomato,SIRMAUR,75,JAYAD,HORTICULTURE,"HIMACHAL PRADESH","how to control of powdery mildew of tomato ","spray of hexaconozol  10 ml in 20 litre water  ",30.6991,77.4465
"0   ",Vegetables,2012,6,9,Tomato,SIRMAUR,75,JAYAD,HORTICULTURE,"HIMACHAL PRADESH","HOW TO CONTROL POWDERY MILDEW OF TOMATO ","SPRAY KARATHANE5ML10LITRES OF WATER",30.6991,77.4465
DHARAMPUR,Vegetables,2012,5,29,Tomato,SOLAN,75,JAYAD,HORTICULTURE,"HIMACHAL PRADESH","HOW TO CONTROL POWDERY MILDEW OF TOMATO ","SPRAY KARATHANE5ML10LITRES OF WATER",30.9078,77.1024
"0   ",Vegetables,2012,8,18,Tomato,SOLAN,75,JAYAD,HORTICULTURE,"HIMACHAL PRADESH","HOW TO CONTROL POWDERY MILDEW OF TOMATO ","HOW TO CONTROL POWDERY MILDEW OF TOMATO ",30.9078,77.1024
UNA,Vegetables,2012,5,9,Tomato,UNA,75,JAYAD,HORTICULTURE,"HIMACHAL PRADESH","how to control  of powdery mildew of tomato ","spray of hexaconajol 5 ml in10 litre water ",31.5835,76.2351
"0   ",Vegetables,2012,8,6,Tomato,BARAMULLA,75,JAYAD,HORTICULTURE,"JAMMU AND KASHMIR","CONTROL OF POWDERY MILDEW IN TOMATO","SPRAY KARATHANE  80 ML IN 100 LITRES OF WATER",34.2087,74.3435
RSPURA,Vegetables,2012,5,5,Tomato,JAMMU,75,JAYAD,HORTICULTURE,"JAMMU AND KASHMIR","CONTROL POWDERY MILDEW IN TOMATO","KARATHANE 50-80 ML PER ACRE",32.7186,74.8581
"0   ",Vegetables,2012,7,3,Tomato,BANGALORE,75,nan,HORTICULTURE,KARNATAKA,"powdery mildew","spray kavach 2glt",12.9882,77.6226
"0   ",Vegetables,2012,6,29,Tomato,BELGAUM,75,nan,HORTICULTURE,KARNATAKA,"powdery mildew","spray corbendizim-2gmltr of water",15.8573,74.5069
"0   ",Vegetables,2012,8,2,Tomato,BELLARY,75,nan,HORTICULTURE,KARNATAKA,"powdery mildew","wetteble sulphure",15.1434,76.9194
"0   ",Vegetables,2012,12,27,Tomato,BELLARY,75,nan,HORTICULTURE,KARNATAKA,"powdery mildew","spray wettable sulphur 2glt",15.1434,76.9194
CHITRADURGA,Vegetables,2012,3,25,Tomato,CHITRADURGA,75,nan,HORTICULTURE,KARNATAKA,"powdery mildew","spary wettable sulphur 2gmlt",14.3049,76.5297
"0   ",Vegetables,2012,6,17,Tomato,CHITRADURGA,75,nan,HORTICULTURE,KARNATAKA,"powdery mildew","spray corbendizim-2gmltr of water",14.3049,76.5297
CHITRADURGA,Vegetables,2012,8,22,Tomato,CHITRADURGA,75,nan,HORTICULTURE,KARNATAKA,"powdery mildew","wettable sulphur",14.3049,76.5297
"0   ",Vegetables,2012,2,7,Tomato,GULBARGA,75,nan,HORTICULTURE,KARNATAKA,"powdery mildew","spray wettable sulphur 2glt",17.331,76.8334
"0   ",Vegetables,2012,2,7,Tomato,GULBARGA,75,nan,HORTICULTURE,KARNATAKA,"powdery mildew",nan,17.331,76.8334
"0   ",Vegetables,2012,2,7,Tomato,GULBARGA,75,nan,HORTICULTURE,KARNATAKA,"powdery mildew",nan,17.331,76.8334
"0   ",Vegetables,2012,6,6,Tomato,HASSAN,75,nan,HORTICULTURE,KARNATAKA,"powdery mildew","wettable sulphur 3gmltr",13.0302,76.1745
"0   ",Vegetables,2012,6,17,Tomato,DAVANAGERE,75,nan,HORTICULTURE,KARNATAKA,"disease powdery mildew","spray corbendizim-2gmltr of water",14.2559,75.8303
"0   ",Vegetables,2012,10,28,Tomato,DAVANAGERE,75,nan,HORTICULTURE,KARNATAKA,"powdery mildew","dinocap 1mlliterv water",14.2559,75.8303
"0   ",Vegetables,2012,12,4,Tomato,UDUPI,75,nan,HORTICULTURE,KARNATAKA,"powdery mildew disease","1 ml dinocap in 1 lit of water",13.527,74.8732
KANNOD,Vegetables,2012,12,18,Tomato,DEWAS,75,KHARIF,HORTICULTURE,"MADHYA PRADESH","Powdery mildew problem in tomato","Spray Sulphur 80  40 gm16 lit pump",22.8057,76.294
MAIHAR,Vegetables,2012,2,9,Tomato,SATNA,75,KHARIF,HORTICULTURE,"MADHYA PRADESH","how to control Powdery Mildew","Spraying with Karathane 01 or Wettable Sulphur 3 g litre of water twice at an interval of 10 days helps to control",24.6954,80.777
"0   ",Vegetables,2012,12,16,Tomato,JALGAON,"Plant Protection",KHARIF,HORTICULTURE,MAHARASHTRA,"PLANT PROTECTION FOR POWDERY MILDEW ON TOMATO","30 GM SULPHUR IN 10 LTR OF WATER",20.8429,75.5261
JAWALI,Vegetables,2012,11,27,Tomato,SATARA,75,nan,HORTICULTURE,MAHARASHTRA,"powdery mildew of tomato","use cabriotop 20gmpump",17.6361,74.2983
JALESWAR,Vegetables,2012,10,16,Tomato,BALASORE,93,nan,HORTICULTURE,ODISHA,"TOMATO LEAVES YELLOWPOWDERY MILDEW","SULFEX 2GMLTR",21.5006,86.9199
3640,Vegetables,2012,10,5,Tomato,DURG,75,KHARIF,HORTICULTURE,CHHATTISGARH,"powdery mildew control in tomato ","spray chlorothalonil  2 gm  liter of water ",21.1983,81.4008
MANDAVALLI,Vegetables,2013,8,14,Tomato,KRISHNA,nan,nan,HORTICULTURE,"ANDHRA PRADESH","control of powdery mildew","spraying of wettable sulphur 3 grmslit water",16.2128,81.0307
ANANTAPUR,Vegetables,2013,7,29,Tomato,ANANTPUR,nan,nan,HORTICULTURE,"ANDHRA PRADESH","POWDERY MILDEW","CARBENDAZIM BAVISTIN DEROSAL CARBENDAZIM 200 GRAMS PER ACRE",13.5747,78.5029
GURRAMKONDA,Vegetables,2013,6,27,Tomato,CHITTOOR,nan,nan,HORTICULTURE,"ANDHRA PRADESH","powdery mildew","spraying of wettable sulphur 3 grmslit water",13.2026,79.0032
MADANAPALLE,Vegetables,2013,6,29,Tomato,CHITTOOR,nan,nan,HORTICULTURE,"ANDHRA PRADESH","powdery mildew","spray of sulfar",13.2026,79.0032
"TIRA SUJANPUR",Vegetables,2013,2,28,Tomato,HAMIRPUR,75,RABI,HORTICULTURE,"HIMACHAL PRADESH","How to control powdery mildew in tomato crop","Spray Hexaconazol5mlliter water for control powdery mildew in tomato crop",31.654,76.5404
INDORA,Vegetables,2013,3,27,Tomato,KANGRA,75,RABI,HORTICULTURE,"HIMACHAL PRADESH","how to control powdery mildew in tomato","spray karathane  10ml in 20 liter of water",32.0769,76.2986
PRAGPUR,Vegetables,2013,7,18,Tomato,KANGRA,"Plant Protection",JAYAD,HORTICULTURE,"HIMACHAL PRADESH","how to control powdery mildew in tomato","spray karathane  10ml in 20 liter of water",32.0769,76.2986
GOPALPUR,Vegetables,2013,3,15,Tomato,MANDI,75,RABI,HORTICULTURE,"HIMACHAL PRADESH","how to control powdery mildew diseases in tomato","spray karathin  10ml2o litof water",31.6517,77.0093
GOPALPUR,Vegetables,2013,3,19,Tomato,MANDI,75,KHARIF,HORTICULTURE,"HIMACHAL PRADESH","how to control powdery mildew in tomato ","control powdery mildew in tomato is spray hexakonazol  5 mllitre of water",31.6517,77.0093
"PAONTA SAHIB",Vegetables,2013,12,4,Tomato,SIRMAUR,nan,nan,HORTICULTURE,"HIMACHAL PRADESH","HOW TO CONTROL POWDERY MILDEW IN TOMATO","SPRAY 1 ML KARATHANE PER LITRE OF WATER",30.6991,77.4465
DHARAMPUR,Vegetables,2013,9,18,Tomato,SOLAN,"Plant Protection",JAYAD,HORTICULTURE,"HIMACHAL PRADESH","How to control poly house powdery mildew of tomato crop ","Spray with karathene  20 ml40 litre of water ",30.9078,77.1024
HAROLI,Vegetables,2013,1,7,Tomato,UNA,75,KHARIF,HORTICULTURE,"HIMACHAL PRADESH","How to control powdery mildew in Tomato ","Spray Indofil M-45  25 Gm 10 Liters of water",31.5835,76.2351
"0   ",Vegetables,2013,3,4,Tomato,CHITRADURGA,75,nan,HORTICULTURE,KARNATAKA,"powdery mildew","spray wettable sulphur 2glt",14.3049,76.5297
HOSDURGA,Vegetables,2013,3,30,Tomato,CHITRADURGA,75,nan,HORTICULTURE,KARNATAKA,"powdery mildew","spray wettable sulphur 2glt",14.3049,76.5297
"0   ",Vegetables,2013,3,7,Tomato,GULBARGA,75,nan,HORTICULTURE,KARNATAKA,"powdery mildew","spray wettable sulphur 2glt",17.331,76.8334
JEVARGI,Vegetables,2013,3,25,Tomato,GULBARGA,75,nan,HORTICULTURE,KARNATAKA,"powdery mildew","spray wettable sulphur 2glt",17.331,76.8334
HOSKOTE,Vegetables,2013,5,13,Tomato,"BANGALORE RURAL","Plant Protection",nan,HORTICULTURE,KARNATAKA,"tomato-powdery mildew diseas","spray carbendizium 50 wp at 1 gram  litof water",13.0011,77.3361
"0   ",Vegetables,2013,2,19,Tomato,GADAG,75,nan,HORTICULTURE,KARNATAKA,"powdery mildew","spray wettable sulphur 2glt",15.4167,75.6816
"0   ",Vegetables,2013,2,21,Tomato,HAVERI,75,nan,HORTICULTURE,KARNATAKA,"powdery mildew","spray wettable sulphur 2glt",14.718,75.3656
KOPPAL,Vegetables,2013,1,7,Tomato,KOPPAL,75,nan,HORTICULTURE,KARNATAKA,"powdery mildew","spray dinocap 1mlt",15.5748,76.3119
PARASIA,Vegetables,2013,4,1,Tomato,CHHINDWARA,nan,KHARIF,HORTICULTURE,"MADHYA PRADESH","powdery mildew of tomato","SPREY CHLOROTHLONIL 75WP 30GM PER 15 LITER OF WATER",22.2072,78.7988
CHHINDWARA,Vegetables,2013,5,13,Tomato,CHHINDWARA,"Plant Protection",RABI,HORTICULTURE,"MADHYA PRADESH","how to control of aphid and powdery mildew in tomato crop","spray metalexilmencoseb 30grpump  imidacloprid 10mlpump  planofix 5mlpump",22.2072,78.7988
SEONI,Vegetables,2013,4,6,Tomato,SEONI,"Plant Protection",RABI,HORTICULTURE,"MADHYA PRADESH","powdery mildew control ","spray blu copper  3 gm  liter ",22.2748,79.7203
PHANDA,Vegetables,2013,5,3,Tomato,BHOPAL,"Plant Protection",RABI,HORTICULTURE,"MADHYA PRADESH","how to control powdery mildew in tomato","control powdery mildew in tomato-spray of hexaconazol  30mlpump",23.2585,77.402
"0   ",Vegetables,2013,2,18,Tomato,NASIK,75,KHARIF,HORTICULTURE,MAHARASHTRA,"powdery mildew ","bavistine  tilt  kavach 30gm15lit",19.9613,73.8317
SINNAR,Vegetables,2013,4,14,Tomato,NASIK,"Plant Protection",nan,HORTICULTURE,MAHARASHTRA,"powdery mildew","cabritop 7 gm pump fawara",19.9613,73.8317
IGATPURI,Vegetables,2013,4,17,Tomato,NASIK,"Plant Protection",KHARIF,HORTICULTURE,MAHARASHTRA,"Powdery Mildew Attack","Spray M-45 30gm15 Lit of Water",19.9613,73.8317
BAGLAN,Vegetables,2013,5,9,Tomato,NASIK,"Plant Protection",nan,HORTICULTURE,MAHARASHTRA,"Powdery Mildew Attack","Spray M-45 5 gm15 Lit of Water",19.9613,73.8317
NASHIK,Vegetables,2013,5,20,Tomato,NASIK,"Plant Protection",nan,HORTICULTURE,MAHARASHTRA,"powdery mildew control","use cabriotop 7 gram 15 liter water ",19.9613,73.8317
KALWAN,Vegetables,2013,5,26,Tomato,NASIK,"Plant Protection",JAYAD,HORTICULTURE,MAHARASHTRA,"Powdery Mildew Attack","Spray M-45 30 gm15 Lit of Water",19.9613,73.8317
KALWAN,Vegetables,2013,7,9,Tomato,NASIK,"Plant Protection",JAYAD,HORTICULTURE,MAHARASHTRA,"Powdery Mildew Attack","23352367235423812335 232523572330 23602381232523792352 30 2327238123522373235015 2354236823352352 23462366233923812351236623502343238123512375 2328237523142344 234723572366235223392368 23252352236623572368",19.9613,73.8317
DINDORI,Vegetables,2013,7,18,Tomato,NASIK,"Fertilizer Use and Availability",nan,HORTICULTURE,MAHARASHTRA,"Blight Attack Powdery Mildew Attack","Spray Redomil Gold 30gm15Lit of Water",19.9613,73.8317
NIPHAD,Vegetables,2013,7,31,Tomato,NASIK,"Fertilizer Use and Availability",nan,HORTICULTURE,MAHARASHTRA,"Powdery Mildew Attack","234823662357236823602381233523682344 302327238123522373235015 2354236723352352 23462366233923812351236623502343238123512375 2328237523142344 234723572366235223392368 23252352236623572368",19.9613,73.8317
CHANDWAD,Vegetables,2013,8,3,Tomato,NASIK,"Cultural Practices",JAYAD,HORTICULTURE,MAHARASHTRA,"Powdery Mildew Attackfungs attakSucking Pest White Fly A hrips Attack ","Blue copper -40 gm15 lit water  Actra 5 gm15 Lit of Water",19.9613,73.8317
NIPHAD,Vegetables,2013,8,3,Tomato,NASIK,nan,JAYAD,HORTICULTURE,MAHARASHTRA,"Blight Attack Powdery Mildew Attack","Blue copper -40 gm15 lit water ",19.9613,73.8317
NIPHAD,Vegetables,2013,8,11,Tomato,NASIK,"Bio-Pesticides and Bio-Fertilizers",JAYAD,HORTICULTURE,MAHARASHTRA,"ATTACK OF POWDERY MILDEW","NATIVO OR TOPAZ",19.9613,73.8317
NIPHAD,Vegetables,2013,8,12,Tomato,NASIK,"Fertilizer Use and Availability",JAYAD,HORTICULTURE,MAHARASHTRA,"Powdery Mildew Attack","Blue copper -40 gm15 lit water ",19.9613,73.8317
CHANDWAD,Vegetables,2013,8,15,Tomato,NASIK,"Fertilizer Use and Availability",nan,HORTICULTURE,MAHARASHTRA,"Disease Attack- Blight AttackPowdery Mildew Attack","Spray Redomil Gold 30gm15Lit of Water",19.9613,73.8317
NIPHAD,Vegetables,2013,9,1,Tomato,NASIK,nan,nan,HORTICULTURE,MAHARASHTRA,"powdery mildew","2309235023672360238123352352 2407 2350236723542367 23462381235223402368 2354236723352352 2346236623392368 234723572366235223392368 232523522366",19.9613,73.8317
CHANDWAD,Vegetables,2013,9,7,Tomato,NASIK,"Plant Protection",JAYAD,HORTICULTURE,MAHARASHTRA,"Powdery Mildew Attack fungs attak","Spray Redomil Gold 30gm15Lit of Water2352236723372379235023672354 23272379235423812337302327238123522373235015 2354236723352352 23462366233923812351236623502343238123512375 2328237523142344 23102355235723392368 232523522366",19.9613,73.8317
MALEGAON,Vegetables,2013,9,9,Tomato,NASIK,"Plant Protection",JAYAD,HORTICULTURE,MAHARASHTRA,"Powdery Mildew Attack","2309232523812335237523522366 5232723812352237323502352236723372379235023672354 232723792354238123373023272381235223732350",19.9613,73.8317
TRIMBAK,Vegetables,2013,10,17,Tomato,NASIK,nan,nan,HORTICULTURE,MAHARASHTRA,"Powdery Mildew Attack ","2357238123612351237923522379236023792354 30 2327238123522373235015 2354236823352352 23462366233923812351236623502343238123512375 2328237523142344 234723572366235223392368 23252352236623572368",19.9613,73.8317
DHULE,Vegetables,2013,5,12,Tomato,DHULE,nan,KHARIF,HORTICULTURE,MAHARASHTRA,"Powdery Mildew Attack","Spray M-45 5 gm15 Lit of Water",21.1305,74.4901
AMALNER,Vegetables,2013,5,15,Tomato,JALGAON,"Plant Protection",nan,HORTICULTURE,MAHARASHTRA,"powdery mildew","spray wetable sulphur 80",20.8429,75.5261
DHARANGAON,Vegetables,2013,12,13,Tomato,JALGAON,"Plant Protection",KHARIF,HORTICULTURE,MAHARASHTRA,"POWDERY MILDEW","234823812354238123512369 2325237723462352-40 2327238123522373235015 2354236723352352 2346236623392368",20.8429,75.5261
"0   ",Vegetables,2013,2,21,Tomato,AHMADNAGAR,76,KHARIF,HORTICULTURE,MAHARASHTRA,"powdery mildew","sulphur 30 gm in 10 lts of water",19.0744,74.722
AKOLE,Vegetables,2013,5,2,Tomato,AHMADNAGAR,nan,RABI,HORTICULTURE,MAHARASHTRA,"ATTACK OF POWDERY MILDEW","NATIVO OR TOPAZ",19.0744,74.722
KOPARGAON,Vegetables,2013,9,15,Tomato,AHMADNAGAR,"Plant Protection",JAYAD,HORTICULTURE,MAHARASHTRA,"attack of Powdery Mildew Attack","2352236723372379235023672354 23272379235423812337302327238123522373235015 2354236723352352 23462366233923812351236623502343238123512375 2328237523142344 234723572366235223392368 23252352236623572368",19.0744,74.722
JUNNAR,Vegetables,2013,4,24,Tomato,PUNE,"Plant Protection",nan,HORTICULTURE,MAHARASHTRA,"powdery mildew","ridomil  abacin",18.5214,73.8545
JUNNAR,Vegetables,2013,5,1,Tomato,PUNE,"Plant Protection",RABI,HORTICULTURE,MAHARASHTRA,"Powdery Mildew ","Sprey Amistar 5 ml  15 lit of water",18.5214,73.8545
BARAMATI,Vegetables,2013,5,12,Tomato,PUNE,"Plant Protection",JAYAD,HORTICULTURE,MAHARASHTRA,"Powdery Mildew Attack","Spray M-45 5 gm15 Lit of Water",18.5214,73.8545
AMBEGAON,Vegetables,2013,5,19,Tomato,PUNE,nan,RABI,HORTICULTURE,MAHARASHTRA," Powdery Mildew Attack","Spray M-45 30 gm15 Lit of Water",18.5214,73.8545
JUNNAR,Vegetables,2013,6,3,Tomato,PUNE,nan,JAYAD,HORTICULTURE,MAHARASHTRA,"powdery mildew ","nustar 5 ml15 ltr water",18.5214,73.8545
JUNNAR,Vegetables,2013,6,15,Tomato,PUNE,"Plant Protection",KHARIF,HORTICULTURE,MAHARASHTRA,"powdery mildew ","nustar 5 ml 15 ltr water",18.5214,73.8545
JUNNAR,Vegetables,2013,6,15,Tomato,PUNE,"Plant Protection",KHARIF,HORTICULTURE,MAHARASHTRA,"powdery mildew ","nustar 5 ml 15 ltr water",18.5214,73.8545
JUNNAR,Vegetables,2013,6,16,Tomato,PUNE,"Plant Protection",JAYAD,HORTICULTURE,MAHARASHTRA,"powdery mildew ","nustar 5 ml 15 ltr water",18.5214,73.8545
AMBEGAON,Vegetables,2013,6,19,Tomato,PUNE,"Plant Protection",JAYAD,HORTICULTURE,MAHARASHTRA,"POWDERY MILDEW ATTACK ","Spray Tilt 30gm15 Lit of Water",18.5214,73.8545
AMBEGAON,Vegetables,2013,10,25,Tomato,PUNE,nan,JAYAD,HORTICULTURE,MAHARASHTRA,"Powdery Mildew Attack ","Spray M-45 30 gm15 Lit of Water23192350-45 3023272381235223732350 152354236723352352 23462366233923812351236623502343238123512375 2328237523142344 234723572366235223392368 23252352236623572368",18.5214,73.8545
KARAD,Vegetables,2013,3,25,Tomato,SATARA,75,KHARIF,HORTICULTURE,MAHARASHTRA,"ATTACK OF POWDERY MILDEW","NATIVO OR TOPAZ",17.6361,74.2983
PHALTAN,Vegetables,2013,5,21,Tomato,SATARA,"Fertilizer Use and Availability",JAYAD,HORTICULTURE,MAHARASHTRA,"Powdery Mildew Attack","Spray M-45 5 gm15 Lit of WaterSpray monocrotophos 15ml15 Lit of Water",17.6361,74.2983
KHANDALA,Vegetables,2013,5,25,Tomato,SATARA,"Plant Protection",RABI,HORTICULTURE,MAHARASHTRA,"attack of powdery mildew","spray redomil gold  2gmlit",17.6361,74.2983
MIRAJ,Vegetables,2013,7,16,Tomato,SANGLI,"Plant Protection",JAYAD,HORTICULTURE,MAHARASHTRA,"ATTACK OF POWDERY MILDEW","23352367235423812335  232523572330 23602381232523792352 25 23272381235223732350  15 2354236823352352 23462366233923812351236623502343238123512375 2328237523142344 234723572366235223392368 23252352236623572368",17.1727,74.5868
MIRAJ,Vegetables,2013,10,31,Tomato,SANGLI,nan,JAYAD,HORTICULTURE,MAHARASHTRA,"Powdery Mildew Attack","Spray Redomil Gold 30gm15Lit of Water2352236723372379235023672354 23272379235423812337302327238123522373235015 2354236723352352 23462366233923812351236623502343238123512375 2328237523142344 23102355235723392368",17.1727,74.5868
PANDHARPUR,Vegetables,2013,11,29,Tomato,SOLAPUR,nan,KHARIF,HORTICULTURE,MAHARASHTRA,"Powdery Mildew Attack","23192350-45 3023272381235223732350 15 2354236823352352 23462366233923812351236623502343238123512375 2328237523142344 234723572366235223392368 23252352236623572368",17.8499,75.2763
"0   ",Vegetables,2013,1,15,Tomato,AURANGABAD,75,KHARIF,HORTICULTURE,MAHARASHTRA,"ATTACK POWDERY MILDEW","SPRATY DIATHEN M-45",19.8773,75.339
BHOKARDAN,Vegetables,2013,2,22,Tomato,JALNA,75,KHARIF,HORTICULTURE,MAHARASHTRA,"ATTACK OF POWDERY MILDEW","NATIVO OR TOPAZ",19.9188,75.8709
PARTUR,Vegetables,2013,7,4,Tomato,JALNA,nan,JAYAD,HORTICULTURE,MAHARASHTRA,"Powdery Mildew","Spray M-45 30 gm15 Lit of Water",19.9188,75.8709
AMBAD,Vegetables,2013,8,31,Tomato,JALNA,nan,JAYAD,HORTICULTURE,MAHARASHTRA,"powdery mildew ","2349236923522368 23522379232723662330238123512366 2344236723512306234023812352233923662360236623362368 23352379234623662332 23252367230623572366 2348237523542375233523792339 23302368 234723572366235223392368 2328238123512366",19.9188,75.8709
"0   ",Vegetables,2013,3,8,Tomato,BEED,75,KHARIF,HORTICULTURE,MAHARASHTRA,"powdery mildew","spray boon 15gmpump",18.9918,75.9098
"0   ",Vegetables,2013,3,13,Tomato,BEED,75,KHARIF,HORTICULTURE,MAHARASHTRA,"powdery mildew ","tilt score",18.9918,75.9098
LOHA,Vegetables,2013,5,10,Tomato,NANDED,nan,KHARIF,HORTICULTURE,MAHARASHTRA,"Powdery Mildew Attack","23192350-45 3023272381235223732350 15 2354236823352352 23462366233923812351236623502343238123512375 2328237523142344 234723572366235223392368 23252352236623572368",19.094,77.4832
"NAIGAON KH",Vegetables,2013,8,6,Tomato,NANDED,"Plant Protection",JAYAD,HORTICULTURE,MAHARASHTRA,"powdery mildew ","Spray Tilt 30gm15 Lit of Water",19.094,77.4832
NANDED,Vegetables,2013,10,28,Tomato,NANDED,nan,JAYAD,HORTICULTURE,MAHARASHTRA,"Powdery Mildew Attack","Spray M-45 30 gm15 Lit of Water23192350-45 3023272381235223732350 152354236723352352 23462366233923812351236623502343238123512375 2328237523142344 234723572366235223392368 23252352236623572368",19.094,77.4832
KHAMGAON,Vegetables,2013,4,20,Tomato,BULDANA,nan,RABI,HORTICULTURE,MAHARASHTRA,"Powdery Mildew Attack","23192350-45 3023272381235223732350 15 2354236823352352 23462366233923812351236623502343238123512375 2328237523142344 234723572366235223392368 23252352236623572368",20.5628,76.4087
AKOLA,Vegetables,2013,4,1,Tomato,AKOLA,nan,nan,HORTICULTURE,MAHARASHTRA,"powdery mildew","spray boon 15gmpump",20.7618,77.1921
ACHALPUR,Vegetables,2013,4,24,Tomato,AMRAVATI,"Plant Protection",KHARIF,HORTICULTURE,MAHARASHTRA,"powdery mildew","spray wetable sulphur 80",21.1545,77.6443
"0   ",Vegetables,2013,3,7,Tomato,YEVATMAL,75,KHARIF,HORTICULTURE,MAHARASHTRA,"powdery mildew ","tilt score",18.9068,75.6742
"AUNDHA  NAGNATH",Vegetables,2013,3,20,Tomato,HINGOLI,75,JAYAD,HORTICULTURE,MAHARASHTRA,"powdery mildew","spray boon 15gmpump",19.5431,77.1739
KALAMNURI,Vegetables,2013,5,9,Tomato,HINGOLI,nan,RABI,HORTICULTURE,MAHARASHTRA,"Blight Attack Powdery Mildew Attack","Spray Redomil Gold 30gm15Lit of Water",19.5431,77.1739
MANGRULPIR,Vegetables,2013,1,19,Tomato,WASHIM,75,KHARIF,HORTICULTURE,MAHARASHTRA,"ATTACK POWDERY MILDEW","SPRATY DIATHEN M-45",20.2874,77.237
SORO,Vegetables,2013,12,11,Tomato,BALASORE,"Plant Protection",nan,HORTICULTURE,ODISHA,"powdery mildew",imiadaclopried,21.5006,86.9199
PADAMPUR,Vegetables,2013,10,19,Tomato,BARGARH,nan,nan,HORTICULTURE,ODISHA,"POWDERY MILDEW","SULPHUR 2 GM LIT SPRAY",21.232,83.5653
"0   ",Vegetables,2013,3,9,Tomato,JAIPUR,0,KHARIF,HORTICULTURE,RAJASTHAN,"TELL ME POWDERY MILDEW CONTROL","SPRAY RIDOMIL MZ 2 G LIT WATER",26.9155,75.819
DAG,Vegetables,2013,9,7,Tomato,JHALAWAR,"Plant Protection",JAYAD,HORTICULTURE,RAJASTHAN,"POWDERY MILDEW IN TOMATO","SPRAY HEXACONAZOL 1 MLLIT WATER",24.3132,76.5221
IDAPPADI,Vegetables,2013,1,26,Tomato,SALEM,75,KHARIF,HORTICULTURE,TAMILNADU,"powdery mildew in tomato","Spray mancozeb  carbendazim SAAF 2 gm  lit of water",11.647,78.2107
KRISHNAGIRI,Vegetables,2013,4,24,Tomato,KRISHNAGIRI,"Plant Protection",KHARIF,HORTICULTURE,TAMILNADU,"Powdery mildew in tomato","spraying Wettable sulphur 3 glit",12.5152,78.0094
PHANSIDEWA,Vegetables,2013,4,23,Tomato,DARJEELING,"Plant Protection",RABI,HORTICULTURE,"WEST BENGAL","TO CONTROL OF POWDERY MILDEW IN TOMATO","SPRAY SULPHER 3 GMLIT OF WATER",27.0378,88.2632
DEVANAKONDA,Vegetables,2014,9,20,Tomato,KURNOOL,"Plant Protection",nan,HORTICULTURE,"ANDHRA PRADESH","powdery mildew","spraying of systhane 100gms200lt next proclaim 100gms200lt",15.8309,78.0425
URAVAKONDA,Vegetables,2014,3,9,Tomato,ANANTPUR,nan,nan,HORTICULTURE,"ANDHRA PRADESH","powdery mildew","sulphur 600 gm200 lit water",13.5747,78.5029
NALLACHERUVU,Vegetables,2014,8,1,Tomato,ANANTPUR,nan,nan,HORTICULTURE,"ANDHRA PRADESH","powdery mildew","DINOCAPKERATHANE 400 ML PER ACRE",13.5747,78.5029
GOOTY,Vegetables,2014,11,2,Tomato,ANANTPUR,"Plant Protection",nan,HORTICULTURE,"ANDHRA PRADESH","powdery mildew","recommended calixin 200gacre",13.5747,78.5029
AGALI,Vegetables,2014,11,11,Tomato,ANANTPUR,"Plant Protection",nan,HORTICULTURE,"ANDHRA PRADESH","tomato powdery mildew","recommended calixin 200gacre",13.5747,78.5029
SODAM,Vegetables,2014,8,22,Tomato,CHITTOOR,"Plant Protection",nan,HORTICULTURE,"ANDHRA PRADESH","tomato powdery mildew","recommonded spray of amestar 150 ml acre",13.2026,79.0032
SOMALA,Vegetables,2014,9,21,Tomato,CHITTOOR,"Plant Protection",nan,HORTICULTURE,"ANDHRA PRADESH","powdery mildew","spraying of wettable sulphur 3 grmslit water",13.2026,79.0032
SOMALA,Vegetables,2014,9,21,Tomato,CHITTOOR,"Plant Protection",nan,HORTICULTURE,"ANDHRA PRADESH","powdery mildew","spraying of wettable sulphur 3 grmslit water",13.2026,79.0032
KANKREJ,Vegetables,2014,5,5,Tomato,"BANAS KANTHA",nan,RABI,HORTICULTURE,GUJARAT,"ask abt tomato in powdery mildew","wattable sulphare 25 gmpump",24.25,72.5
CHOTILA,Vegetables,2014,9,27,Tomato,SURENDRANAGAR,"Plant Protection",KHARIF,HORTICULTURE,GUJARAT,"ask abt powdery mildew in tomato","30ml profenophosepump to apply",22.8251,71.621
LIMBDI,Vegetables,2014,10,22,Tomato,SURENDRANAGAR,"Plant Protection",KHARIF,HORTICULTURE,GUJARAT,"tomato in powdery mildew","watable sulfur 25 gram per pump and to spray",22.8251,71.621
"PAONTA SAHIB",Vegetables,2014,10,5,Tomato,SIRMAUR,"Plant Protection",KHARIF,HORTICULTURE,"HIMACHAL PRADESH","HOW TO CONTROL POWDERY MILDEW OF TOMATO ","CONTROL POWDERY MILDEW OF TOMATO IS SPRAY HEXACONOZOL  05ML PER LITER OF WATER",30.6991,77.4465
HOLALKERE,Vegetables,2014,7,11,Tomato,CHITRADURGA,"Plant Protection",nan,HORTICULTURE,KARNATAKA,"POWDERY MILDEW OF TOMATO","GANDAKA 3gmlitre of water",14.3049,76.5297
KUNDGOL,Vegetables,2014,9,30,Tomato,DHARWAD,"Plant Protection",nan,HORTICULTURE,KARNATAKA,"powdery mildew and thrips","spray metalaxyl  mancozeb 2gm imidacloprid 1ml liter",15.3707,75.1333
ALAND,Vegetables,2014,12,5,Tomato,GULBARGA,"Plant Protection",nan,HORTICULTURE,KARNATAKA,"powdery mildew","wwettable sulpur 3g liter  of water",17.331,76.8334
ARSIKERE,Vegetables,2014,9,27,Tomato,HASSAN,"Plant Protection",nan,HORTICULTURE,KARNATAKA,"powdery mildew","wettable sulpher 2gin 1lt of water",13.0302,76.1745
CHANNARAYAPATNA,Vegetables,2014,10,9,Tomato,HASSAN,"Plant Protection",nan,HORTICULTURE,KARNATAKA,"late blight and powdery mildew","spray metalaxyl 2gm liter propinib 1gm liter steptrocyclin 03 gm liter",13.0302,76.1745
SRINIVASPUR,Vegetables,2014,5,3,Tomato,KOLAR,"Plant Protection",nan,HORTICULTURE,KARNATAKA,"tomato powdery mildew","spray wettable sulphur 2gliter general tonic 3mlliter",13.1805,78.2669
MALUR,Vegetables,2014,6,27,Tomato,KOLAR,"Plant Protection",nan,HORTICULTURE,KARNATAKA,"powdery mildew in tomato","dinocap 1 mllit",13.1805,78.2669
KOLAR,Vegetables,2014,10,2,Tomato,KOLAR,"Plant Protection",nan,HORTICULTURE,KARNATAKA,"powdery mildew","wettable sulphur or hexaconozole",13.1805,78.2669
MADHUGIRI,Vegetables,2014,2,11,Tomato,TUMKUR,"Plant Protection",nan,HORTICULTURE,KARNATAKA,"tomato powdery mildew","spray wettable sulphur 2gliter chloropyiphos 2mlliter",13.3401,77.1006
PAVAGADA,Vegetables,2014,12,3,Tomato,TUMKUR,"Plant Protection",nan,HORTICULTURE,KARNATAKA,"powdery mildew","copper oxy chloride 3glit",13.3401,77.1006
KUSHTAGI,Vegetables,2014,8,3,Tomato,KOPPAL,"Plant Protection",nan,HORTICULTURE,KARNATAKA,"tomato powdery mildew","spray sulphur 3gmlitre of water",15.5748,76.3119
KUTHUPARAMBA,Vegetables,2014,1,21,Tomato,KANNUR,nan,nan,HORTICULTURE,KERALA,"powdery mildew-","wettable sulphur-3g1 l water",11.8764,75.3738
BEGAMGANJ,Vegetables,2014,4,13,Tomato,RAISEN,"Plant Protection",RABI,HORTICULTURE,"MADHYA PRADESH","how to control powdery mildew in tomato crop","spary of carbendazim  mancojeb saaf 15-20 gmpump",23.2676,78.1727
NASHIK,Vegetables,2014,5,7,Tomato,NASIK,nan,nan,HORTICULTURE,MAHARASHTRA,"Blight Attack Powdery Mildew Attack","Spray M-45 30gm15 Lit of Water",19.9613,73.8317
CHANDWAD,Vegetables,2014,5,23,Tomato,NASIK,"Plant Protection",nan,HORTICULTURE,MAHARASHTRA,"powdery mildew control","use meldeo spray",19.9613,73.8317
CHANDWAD,Vegetables,2014,6,17,Tomato,NASIK,nan,nan,HORTICULTURE,MAHARASHTRA,"Attack of Powdery Mildew","Spray Bavistine 30gm  Humic Acid 30ml15 Lit of Water Drenching",19.9613,73.8317
DINDORI,Vegetables,2014,7,30,Tomato,NASIK,"Plant Protection",JAYAD,HORTICULTURE,MAHARASHTRA,"Powdery Mildew Attack ","Spray Bavistine 30gm15lit of Water",19.9613,73.8317
NANDGAON,Vegetables,2014,8,5,Tomato,NASIK,nan,nan,HORTICULTURE,MAHARASHTRA,"Attack of Powdery Mildew in tomato","Spray M-45 30 gm15 Lit of Water",19.9613,73.8317
NIPHAD,Vegetables,2014,8,6,Tomato,NASIK,"Plant Protection",JAYAD,HORTICULTURE,MAHARASHTRA,"Powdery Mildew Attack fungus attack",ANTRAGON,19.9613,73.8317
IGATPURI,Vegetables,2014,12,12,Tomato,NASIK,"Plant Protection",nan,HORTICULTURE,MAHARASHTRA,"Attack of Powdery Mildew","Spray Bavistine 30gm15lit of Water",19.9613,73.8317
BODWAD,Vegetables,2014,5,21,Tomato,JALGAON,nan,nan,HORTICULTURE,MAHARASHTRA,"Powdery Mildew Attack","Spray Redomil Gold 30gm15Lit of Water",20.8429,75.5261
BODWAD,Vegetables,2014,5,21,Tomato,JALGAON,nan,nan,HORTICULTURE,MAHARASHTRA,"Powdery Mildew Attack","Spray Redomil Gold 30gm15Lit of Water",20.8429,75.5261
PARNER,Vegetables,2014,4,28,Tomato,AHMADNAGAR,nan,nan,HORTICULTURE,MAHARASHTRA,"Powdery Mildew Attack","Spray M-45 30 gm15 Lit of Water",19.0744,74.722
AKOLE,Vegetables,2014,11,2,Tomato,AHMADNAGAR,"Plant Protection",RABI,HORTICULTURE,MAHARASHTRA,"attack of powdery mildew on tomato ","spray topaj 15 ml  15 liter of water for tomato",19.0744,74.722
HAVELI,Vegetables,2014,1,4,Tomato,PUNE,nan,nan,HORTICULTURE,MAHARASHTRA,"tomato -Powdery Mildew Attack","2352236723372379235023672354 23272379235423812337 302327238123522373235015 2354236723352352 23462366233923812351236623502343238123512375 2328237523142344 234723572366235223392368 23252352236623572368",18.5214,73.8545
HAVELI,Vegetables,2014,1,5,Tomato,PUNE,nan,KHARIF,HORTICULTURE,MAHARASHTRA,"powdery mildew","Spray Redomil Gold 30gm15Lit of  Water",18.5214,73.8545
BARAMATI,Vegetables,2014,7,19,Tomato,PUNE,"Plant Protection",JAYAD,HORTICULTURE,MAHARASHTRA,"POWDERY MILDEW OF TOMATO","SPRAYING OF MANCOZEB AND TEBUCONAZOLE 05PERCENT",18.5214,73.8545
BARAMATI,Vegetables,2014,7,19,Tomato,PUNE,"Plant Protection",JAYAD,HORTICULTURE,MAHARASHTRA,"POWDERY MILDEW OF TOMATO","SPRAYING OF MANCOZEB AND TEBUCONAZOLE 05PERCENT",18.5214,73.8545
PHALTAN,Vegetables,2014,5,23,Tomato,SATARA,"Bio-Pesticides and Bio-Fertilizers",RABI,HORTICULTURE,MAHARASHTRA,"TO CONTROL ATTACK OF POWDERY MILDEW ON TOMATO CROP","SPRAY TOPAZ OR BELETON TO CONTROL ATTACK OF POWDERY MILDEW",17.6361,74.2983
MANGALVEDHE,Vegetables,2014,1,1,Tomato,SOLAPUR,"Plant Protection",KHARIF,HORTICULTURE,MAHARASHTRA,"powdery mildew","2309235023672360238123352352 2407 2350236723542367 23462381235223402368 2354236723352352 2346236623392368 234723572366235223392368 232523522366",17.8499,75.2763
MANGALVEDHE,Vegetables,2014,3,23,Tomato,SOLAPUR,nan,RABI,HORTICULTURE,MAHARASHTRA,"Attack of Powdery Mildew ","Spray Redomil Gold 30gm15Lit of Water",17.8499,75.2763
MALSHIRAS,Vegetables,2014,7,10,Tomato,SOLAPUR,"Plant Protection",JAYAD,HORTICULTURE,MAHARASHTRA,"Powdery Mildew Attack on tomato","Spray Tilt  score  kavach 30gm15lit of Water",17.8499,75.2763
MOHOL,Vegetables,2014,8,10,Tomato,SOLAPUR,nan,nan,HORTICULTURE,MAHARASHTRA,"Powdery Mildew Attack  fungs attak ","Spray Tilt  score  kavach 30gm15lit of Water",17.8499,75.2763
MOHOL,Vegetables,2014,12,18,Tomato,SOLAPUR,"Plant Protection",nan,HORTICULTURE,MAHARASHTRA,"Powdery Mildew Attack ","Spray M-45 30 gm15 Lit of Water",17.8499,75.2763
AKKALKOT,Vegetables,2014,12,18,Tomato,SOLAPUR,"Plant Protection",RABI,HORTICULTURE,MAHARASHTRA,"powdery mildew on tomato","spray contaf 1mllit",17.8499,75.2763
BHOKARDAN,Vegetables,2014,11,12,Tomato,JALNA,"Plant Protection",nan,HORTICULTURE,MAHARASHTRA,"Attack of Powdery Mildew ","Spray M-45 30 gm15 Lit of Water",19.9188,75.8709
GANGAKHED,Vegetables,2014,8,10,Tomato,PARBHANI,nan,nan,HORTICULTURE,MAHARASHTRA,"Attack of Powdery Mildew","Ridomil gold 30 gm  Humic Acid 30ml15 Lit of Water Drenching",19.2902,76.6026
GEORAI,Vegetables,2014,12,8,Tomato,BEED,"Plant Protection",nan,HORTICULTURE,MAHARASHTRA,"attack of powdery mildew on tomato ","spray bavistin 15 gm  rogar 30 ml  15 liter of water",18.9918,75.9098
LOHA,Vegetables,2014,2,5,Tomato,NANDED,"Plant Protection",JAYAD,HORTICULTURE,MAHARASHTRA,"Attack of Powdery Mildew","2352236723372379235023672354 2327237923542381233730232723812352237323502309232523812335237523522366 52327238123522373235015 2354236723352352 23462366233923812351236623502343238123512375 2328237523142344 234723572366235223392368 23252352236623572368",19.094,77.4832
UDGIR,Vegetables,2014,5,27,Tomato,LATUR,"Plant Protection",RABI,HORTICULTURE,MAHARASHTRA,"powdery mildew","sulphur 30 gm in 10 lts of water",18.3553,76.7549
AUSA,Vegetables,2014,12,9,Tomato,LATUR,"Plant Protection",RABI,HORTICULTURE,MAHARASHTRA,"attack of powdery mildew on tomato ","spray scor 8 ml  15 liter of water for tomato",18.3553,76.7549
AUSA,Vegetables,2014,12,25,Tomato,LATUR,"Plant Protection",RABI,HORTICULTURE,MAHARASHTRA,"attack of powdery mildew on tomato","spray of wettable sulphar 30 gm  contaf 10 ml per pump on",18.3553,76.7549
AKOT,Vegetables,2014,3,17,Tomato,AKOLA,nan,nan,HORTICULTURE,MAHARASHTRA,"powdery mildew control","spray cabriotop 2 gram liter water",20.7618,77.1921
WANI,Vegetables,2014,11,25,Tomato,YEVATMAL,"Plant Protection",nan,HORTICULTURE,MAHARASHTRA,"Powdery Mildew Attack","Spray Bavistine 30gm Humic acid 30 mili microlla 30 mili19:19:19 60 gram 15 li water",18.9068,75.6742
TUMSAR,Vegetables,2014,1,6,Tomato,BHANDARA,"Plant Protection",nan,HORTICULTURE,MAHARASHTRA,"powdery mildew",sulphur,21.1226,79.7945
CHIMUR,Vegetables,2014,4,8,Tomato,CHANDRAPUR,nan,nan,HORTICULTURE,MAHARASHTRA,"Powdery Mildew Attack tomato","Spray M-45 30 gm15 Lit of Water",20.0968,79.5045
SENGAON,Vegetables,2014,9,8,Tomato,HINGOLI,"Plant Protection",KHARIF,HORTICULTURE,MAHARASHTRA,"Powdery Mildew Attack on tomato","Spray Redomil Gold 30gm15Lit of Water",19.5431,77.1739
AKKALKUWA,Vegetables,2014,4,29,Tomato,NANDURBAR,nan,nan,HORTICULTURE,MAHARASHTRA,"Disease Attack-  Blight Attack Powdery Mildew Attack tomato","Spray M-45 25 gm15 Lit of Water",21.5142,74.5406
REMUNA,Vegetables,2014,11,11,Tomato,BALASORE,"Plant Protection",nan,HORTICULTURE,ODISHA,"POWDERY MILDEW IN TOMATO","RECOMMENDED SPRAY SULFEX4GMLIT",21.5006,86.9199
MURIBAHAL,Vegetables,2014,3,15,Tomato,BALANGIR,nan,nan,HORTICULTURE,ODISHA,"POWDERY MILDEW","SULPHUR 2GM LIT WATER SPRAY",20.6095,83.1673
GONDIA,Vegetables,2014,11,25,Tomato,DHENKANAL,"Plant Protection",nan,HORTICULTURE,ODISHA,"powdery mildew in tomato","recommended to spray with sulphex 4gmltr of water",20.8351,85.6022
JAJPUR,Vegetables,2014,11,21,Tomato,JAJAPUR,"Plant Protection",nan,HORTICULTURE,ODISHA,"Powdery mildew of tomato","Recommended to spray wettable sulphorSulfex 4gm per litre of water to control Powdery mildew of tomato",20.8278,86.3798
BHUBANESWAR,Vegetables,2014,2,18,Tomato,KHORDHA,"Plant Protection",nan,HORTICULTURE,ODISHA,"POWDERY MILDEW","SULPHEX 4GM1LITRE OF WATER",20.0538,85.5023
AMBABHONA,Vegetables,2014,12,10,Tomato,BARGARH,"Plant Protection",nan,HORTICULTURE,ODISHA,"POWDERY MILDEW IN TOMATO","RECOMMENDED TO SPRAY SULFEX POWDER  4 GM  LITRE WATER TO CONTROL POWDERY MILDEW IN TOMATO",21.232,83.5653
LALSOT,Vegetables,2014,3,16,Tomato,DAUSA,nan,RABI,HORTICULTURE,RAJASTHAN,"TELL ME POWDERY MILDEW CONTROL IN TOMATO","SPRAY MANCOZEB 75 WP 2 GM PER LITER WATER",26.8049,76.4437
TIRUPPATTUR,Vegetables,2014,12,25,Tomato,VELLORE,"Plant Protection",RABI,HORTICULTURE,TAMILNADU,"Powdery mildew tomato","Recommended for Powdery mildew tomato spray mancozeb  carbendazim saaf 25gmlit of water",12.9022,79.0611
PANAMARATHUPATTI,Vegetables,2014,12,23,Tomato,SALEM,"Plant Protection",RABI,HORTICULTURE,TAMILNADU,"Powdery mildew in ridge gourd","Recommended for Powdery mildew in ridge gourd  spray mancozeb carbendazim saaf 25gmlit of water",11.647,78.2107
MORAPPUR,Vegetables,2014,9,19,Tomato,DHARMAPURI,"Plant Protection",KHARIF,HORTICULTURE,TAMILNADU,"Powdery mildew for tomato","recommended for Powdery mildew for tomato Spray wettable sulphur 3gmlit",12.1456,78.1132
"POLLACHI NORTH",Vegetables,2014,1,3,Tomato,COIMBATORE,"Plant Protection",KHARIF,HORTICULTURE,TAMILNADU,"powdery mildew in tomato","spray wettable sulphur 2 glit of water",11.0018,76.9628
"POLLACHI NORTH",Vegetables,2014,9,21,Tomato,COIMBATORE,"Plant Protection",KHARIF,HORTICULTURE,TAMILNADU,"Powdery mildew in tomato","recommended for Powdery mildew in tomato  Spray wettable sulphur 3gmlit",11.0018,76.9628
CHELLAMPATTI,Vegetables,2014,12,31,Tomato,MADURAI,"Plant Protection",RABI,HORTICULTURE,TAMILNADU,"powdery mildew in tomato","recommended for spray psudomonas 2 mllt",9.92612,78.1141
KADAVUR,Vegetables,2014,3,28,Tomato,KARUR,"Plant Protection",RABI,HORTICULTURE,TAMILNADU,"powdery mildew in tomato","spray wettable sulphur 2 g  lit of water",10.8218,78.3829
"JAWATHU HILLS",Vegetables,2014,2,27,Tomato,TIRUVANNAMALAI,"Plant Protection",KHARIF,HORTICULTURE,TAMILNADU,"powdery mildew in tomato : spray wettable sulphur 2gmnteepol 1mllit of water","powdery mildew in tomato : spray wettable sulphur 2gmnteepol 1mllit of water",12.4289,78.9992
DHAULANA,Vegetables,2014,6,7,Tomato,GHAZIABAD,"Plant Protection",RABI,HORTICULTURE,"UTTAR PRADESH","powdery mildew in tomato crop","spray Hexaconazole 5 EC250-400 mlacre",28.775,77.4587
DHAULANA,Vegetables,2014,6,7,Tomato,GHAZIABAD,"Plant Protection",RABI,HORTICULTURE,"UTTAR PRADESH","powdery mildew in tomato crop","spray Hexaconazole 5 EC250-400 mlacre",28.775,77.4587
LAKSHMIPUR,Vegetables,2014,3,4,Tomato,MAHARAHGANJ,nan,nan,HORTICULTURE,"UTTAR PRADESH","powdery mildew","difenaconazole ka chitkaw kare",27.1303,80.8597
BELDANGA-I,Vegetables,2014,1,21,Tomato,MURSHIDABAD,"Plant Protection",KHARIF,HORTICULTURE,"WEST BENGAL","CONTROL OF POWDERY MILDEW IN TOMATO","SPRAY CARBENDAZIM  1 GM LIT OF WATER",24.1746,88.2721
BERHAMPORE,Vegetables,2014,4,24,Tomato,MURSHIDABAD,"Plant Protection",RABI,HORTICULTURE,"WEST BENGAL","CONTROL OF POWDERY MILDEW IN TOMATO","SPRAY CHLOROTHALONIL 75WP  2GMLIT OF WATER",24.1746,88.2721
KARIMPUR-1,Vegetables,2014,10,17,Tomato,NADIA,"Plant Protection",KHARIF,HORTICULTURE,"WEST BENGAL","CONTROL OF POWDERY MILDEWY IN TOMATO","RECOMMENDED FOR SPRAY  CARBENDAZIM 50 WP  1 MG   LIT OF WATER",23.4847,88.5567
ABHANPUR,Vegetables,2014,1,31,Tomato,RAIPUR,nan,RABI,HORTICULTURE,CHHATTISGARH,"Powdery mildew Powdery mildew can be spraying Wettable sulphur 3 glit or Carbendazim 1 glit Totally 3 sprays are required at 15 days interval from the first appearance of symptom","Powdery mildew Powdery mildew can be spraying Wettable sulphur 3 glit or Carbendazim 1 glit Totally 3 sprays are required at 15 days interval from the first appearance of symptom",21.2381,81.6337
DHAMTARI,Vegetables,2014,9,22,Tomato,DHAMTARI,"Plant Protection",KHARIF,HORTICULTURE,CHHATTISGARH,"how to control powdery mildew of cucurbits ","wetable sulphar",20.5326,81.7156
BARKAGAON,Vegetables,2014,12,28,Tomato,HAZARIBAGH,"Plant Protection",RABI,HORTICULTURE,JHARKAND,"Powdery mildew","Spray copper oxycloride  2 gram in 1 litre of water",24.0867,85.4912
KADIAM,Vegetables,2015,5,29,Tomato,"EAST GODAVARI","Plant Protection",nan,HORTICULTURE,"ANDHRA PRADESH","tomato infection with powdery mildew","RECOMMENDED TO SPRAY DINOCAPKERATHANE 400 ML PER ACRE",16.9957,81.7154
"JANAKAVARAM PONGULURU",Vegetables,2015,3,23,Tomato,PRAKASAM,"Plant Protection",JAYAD,HORTICULTURE,"ANDHRA PRADESH","POWDERY MILDEW IN TOMATO","RECOMMENDED TO SPRAY DINOCAPKERATHANE 400 ML PER ACRE",15.6643,79.4733
"DHONE ALIAS DRONACHALAM",Vegetables,2015,3,23,Tomato,KURNOOL,"Plant Protection",JAYAD,HORTICULTURE,"ANDHRA PRADESH","TOMATO POWDERY MILDEW","AMISTER 1 ML  LITER",15.8309,78.0425
DORNIPADU,Vegetables,2015,3,23,Tomato,KURNOOL,"Plant Protection",RABI,HORTICULTURE,"ANDHRA PRADESH","TOMATO POWDERY MILDEW","RECOMMENDED TO SPRAY DINOCAPKERATHANE 400 ML PER ACRE",15.8309,78.0425
KURNOOL,Vegetables,2015,5,7,Tomato,KURNOOL,"Plant Protection",nan,HORTICULTURE,"ANDHRA PRADESH","tomato powdery mildew","recomondedd dosage carathane 200mlacre",15.8309,78.0425
ALUR,Vegetables,2015,6,5,Tomato,KURNOOL,"Plant Protection",nan,HORTICULTURE,"ANDHRA PRADESH","tomato powdery mildew","recomonded dosage carathane 200mlacre",15.8309,78.0425
KRISHNAGIRI,Vegetables,2015,6,17,Tomato,KURNOOL,"Cultural Practices",nan,HORTICULTURE,"ANDHRA PRADESH","Ridge guard powdery mildew","RECOMMENDED TO SPRAY DINOCAPKERATHANE 400 ML PER ACRE",15.8309,78.0425
AGALI,Vegetables,2015,1,22,Tomato,ANANTPUR,"Plant Protection",nan,HORTICULTURE,"ANDHRA PRADESH","tomato powdery mildew and leaf spot","DINOCAPKERATHANE 400 ML PER ACRE   SAAF 400 GRACRE IN 200 LT WATER",13.5747,78.5029
BATHALAPALLE,Vegetables,2015,2,12,Tomato,ANANTPUR,"Plant Protection",nan,HORTICULTURE,"ANDHRA PRADESH","POWDERY MILDEW IN TOMATO ","RECOMENDED FOR KERATHANE 200ML ACRE",13.5747,78.5029
RAMAGIRI,Vegetables,2015,2,12,Tomato,ANANTPUR,"Plant Protection",RABI,HORTICULTURE,"ANDHRA PRADESH","tomato leaf spot and powdery mildew","amister 1 milli liter  liter water",13.5747,78.5029
GARLADINNE,Vegetables,2015,2,12,Tomato,ANANTPUR,"Plant Protection",nan,HORTICULTURE,"ANDHRA PRADESH","POWDERY MILDEW IN TOMATO","RECOMMENDED TO SPRAY TRIDEMORPH CALIXIN 200 ML PER ACRE  RECOMMENDED TO SPRAY DINOCAPKERATHANE 100 ML PER ACRE",13.5747,78.5029
GUMMAGATTA,Vegetables,2015,2,15,Tomato,ANANTPUR,"Plant Protection",nan,HORTICULTURE,"ANDHRA PRADESH","CONTROL OF POWDERY MILDEW IN TOMATO","SPARY KERATHION 100 ML  Acere",13.5747,78.5029
BUKKAPATNAM,Vegetables,2015,2,16,Tomato,ANANTPUR,"Plant Protection",nan,HORTICULTURE,"ANDHRA PRADESH","tomato powdery mildew","recomended for DINOCAPKERATHANE 400 ML PER ACRE",13.5747,78.5029
BOMMANAHAL,Vegetables,2015,2,17,Tomato,ANANTPUR,"Plant Protection",nan,HORTICULTURE,"ANDHRA PRADESH","TOMATO POWDERY MILDEW","DINOCAPKERATHANE 400 ML PER ACRE",13.5747,78.5029
BELUGUPPA,Vegetables,2015,2,21,Tomato,ANANTPUR,"Plant Protection",nan,HORTICULTURE,"ANDHRA PRADESH","asked about powdery mildew","recommended kerathane 100 ml200 lit f water",13.5747,78.5029
BRAHMASAMUDRAM,Vegetables,2015,3,6,Tomato,ANANTPUR,"Plant Protection",nan,HORTICULTURE,"ANDHRA PRADESH","powdery mildew","dinocap 400 ml acre",13.5747,78.5029
URAVAKONDA,Vegetables,2015,3,19,Tomato,ANANTPUR,"Plant Protection",nan,HORTICULTURE,"ANDHRA PRADESH","powdery mildew","dinocap 3 ml liter water",13.5747,78.5029
PAMIDI,Vegetables,2015,3,23,Tomato,ANANTPUR,"Plant Protection",nan,HORTICULTURE,"ANDHRA PRADESH","powdery mildew in tomato","recommended kerathane 100mlacre",13.5747,78.5029
ATMAKUR,Vegetables,2015,3,27,Tomato,ANANTPUR,"Plant Protection",nan,HORTICULTURE,"ANDHRA PRADESH","powdery mildew in tomato","recommended kerathane 100 mlacre",13.5747,78.5029
ATMAKUR,Vegetables,2015,3,28,Tomato,ANANTPUR,"Plant Protection",nan,HORTICULTURE,"ANDHRA PRADESH","asked about powdery mildew","recommended kerathane 1 mllit of water",13.5747,78.5029
BOMMANAHAL,Vegetables,2015,4,4,Tomato,ANANTPUR,"Plant Protection",nan,HORTICULTURE,"ANDHRA PRADESH","TOMATO POWDERY MILDEW","RECOMMENDED TO KERATHENE 400MLACRE",13.5747,78.5029
KALYANDRUG,Vegetables,2015,4,9,Tomato,ANANTPUR,"Plant Protection",nan,HORTICULTURE,"ANDHRA PRADESH","tomato powdery mildew","spray amistor 150 mlac",13.5747,78.5029
SETTUR,Vegetables,2015,4,10,Tomato,ANANTPUR,"Plant Protection",nan,HORTICULTURE,"ANDHRA PRADESH","powdery mildew","dinocap 2ml liter water",13.5747,78.5029
KALYANDRUG,Vegetables,2015,6,25,Tomato,ANANTPUR,"Plant Protection",nan,HORTICULTURE,"ANDHRA PRADESH","tomato early blight and powdery mildew","RECOMMENDED TO SPRAY MANCOZEB DITHANE M-45 INDOFIL M-45 MANJET  500-600 GRAMS  PER ACRE",13.5747,78.5029
BRAHMASAMUDRAM,Vegetables,2015,7,8,Tomato,ANANTPUR,"Plant Protection",nan,HORTICULTURE,"ANDHRA PRADESH","TOMATO POWDERY MILDEW","RECOMMENDED TO SPRAY DINOCAPKERATHANE 400 ML PER ACRE",13.5747,78.5029
RAYADURG,Vegetables,2015,7,14,Tomato,ANANTPUR,"Plant Protection",nan,HORTICULTURE,"ANDHRA PRADESH","TOMATO POWDERY MILDEW","RECOMMENDED TO SPRAY DINOCAPKERATHANE 400 ML PER ACRE   RECOMMENDED TO SPRAY SPINOSADTRACER SPINTER  CHARGE   75 ML  PER ACRE",13.5747,78.5029
CHENNEKOTHAPALLE,Vegetables,2015,7,17,Tomato,ANANTPUR,"Plant Protection",nan,HORTICULTURE,"ANDHRA PRADESH","powdery mildew and green fly in tomato","powdery mildew and green fly in tomato - spray Carbendism 3 gr L water  Imidacloprid 05 mlL water",13.5747,78.5029
KALYANDRUG,Vegetables,2015,7,22,Tomato,ANANTPUR,"Plant Protection",KHARIF,HORTICULTURE,"ANDHRA PRADESH","powdery mildew  in tomato","recommended  amistar 150 mlacre",13.5747,78.5029
GANDLAPENTA,Vegetables,2015,7,24,Tomato,ANANTPUR,"Plant Protection",nan,HORTICULTURE,"ANDHRA PRADESH","TOMATO POWDERY MILDEW","DINOCAPKERATHANE 400 ML PER ACRE",13.5747,78.5029
AGALI,Vegetables,2015,7,25,Tomato,ANANTPUR,"Plant Protection",nan,HORTICULTURE,"ANDHRA PRADESH","control   of powdery mildew in tomato","wettable   sulphur    3 gr  lit   of water",13.5747,78.5029
KALYANDRUG,Vegetables,2015,7,25,Tomato,ANANTPUR,"Plant Protection",KHARIF,HORTICULTURE,"ANDHRA PRADESH","tomato powdery mildew","amistar 1 milli liter liter water",13.5747,78.5029
BUKKARAYASAMUDRAM,Vegetables,2015,7,26,Tomato,ANANTPUR,"Plant Protection",nan,HORTICULTURE,"ANDHRA PRADESH","POWDERY MILDEW IN TOMATO","RECOMMENDED TO SPRAY DINOCAPKERATHANE 400 ML PER ACRE",13.5747,78.5029
ATMAKUR,Vegetables,2015,8,9,Tomato,ANANTPUR,"Plant Protection",nan,HORTICULTURE,"ANDHRA PRADESH","tomato powdery mildew","RECOMMENDED TO SPRAY DINOCAPKERATHANE 400 ML PER ACRE",13.5747,78.5029
KALYANDRUG,Vegetables,2015,8,10,Tomato,ANANTPUR,"Plant Protection",nan,HORTICULTURE,"ANDHRA PRADESH","TOMATO POWDERY MILDEW","RECOMMENDED TO SPRAY DINOCAPKERATHANE 400 ML PER ACRE",13.5747,78.5029
ATMAKUR,Vegetables,2015,8,25,Tomato,ANANTPUR,"Plant Protection",KHARIF,HORTICULTURE,"ANDHRA PRADESH","powdery mildew in tomato","recommended spraying saff 400 gacre",13.5747,78.5029
BELUGUPPA,Vegetables,2015,11,10,Tomato,ANANTPUR,"Plant Protection",nan,HORTICULTURE,"ANDHRA PRADESH","about management of the powdery mildew","recomended to spray nativo 160 grams per acer",13.5747,78.5029
RAYACHOTY,Vegetables,2015,2,8,Tomato,"Y S R ","Plant Protection",RABI,HORTICULTURE,"ANDHRA PRADESH","POWDERY MILDEW IN TOMATO","AMISTER 1MLLIT",15.9241,80.1864
KODUR,Vegetables,2015,2,14,Tomato,"Y S R ","Plant Protection",RABI,HORTICULTURE,"ANDHRA PRADESH","TOMATO POWDERY MILDEW DAMAGE","AMISTER 1 MILLI LITER  LITER WATER",15.9241,80.1864
CHINNAMANDEM,Vegetables,2015,2,15,Tomato,"Y S R ","Plant Protection",RABI,HORTICULTURE,"ANDHRA PRADESH","powdery mildew in tomato","RECOMMENDED TO SPRAY DINOCAPKERATHANE 400 ML PER ACRE",15.9241,80.1864
CHENNUR,Vegetables,2015,4,21,Tomato,"Y S R ","Plant Protection",RABI,HORTICULTURE,"ANDHRA PRADESH","powdery mildew in tomato","recomended kerathin 1mlacre",15.9241,80.1864
"CHINTAKOMMA DINNE",Vegetables,2015,5,15,Tomato,"Y S R ","Plant Protection",nan,HORTICULTURE,"ANDHRA PRADESH","POWDERY MILDEW IN TOMATO","DINOCAPKERATHANE 400 ML PER ACRE",15.9241,80.1864
PULIVENDLA,Vegetables,2015,8,23,Tomato,"Y S R ","Plant Protection",nan,HORTICULTURE,"ANDHRA PRADESH","TOMARO POWDERY MILDEW","RECOMMENDED TO SPRAY  DINOCAP 200MLACRE",15.9241,80.1864
PULIVENDLA,Vegetables,2015,9,3,Tomato,"Y S R ","Plant Protection",nan,HORTICULTURE,"ANDHRA PRADESH","TOMATO POWDERY MILDEW DAMAGE","RECOMMENDED TO SPRAY DINOCAPKERATHANE 400 ML PER ACRE",15.9241,80.1864
PULIVENDLA,Vegetables,2015,9,3,Tomato,"Y S R ","Plant Protection",nan,HORTICULTURE,"ANDHRA PRADESH","TOMATO POWDERY MILDEW","RECOMMENDED TO SPRAY DINOCAPKERATHANE 400 ML PER ACRE",15.9241,80.1864
IRALA,Vegetables,2015,2,23,Tomato,CHITTOOR,"Plant Protection",nan,HORTICULTURE,"ANDHRA PRADESH","TOMATO POWDERY MILDEW","RECOMMENDED TO SPRAY DINOCAPKERATHANE 400 ML PER ACRE",13.2026,79.0032
GURRAMKONDA,Vegetables,2015,4,13,Tomato,CHITTOOR,"Plant Protection",nan,HORTICULTURE,"ANDHRA PRADESH","powdery mildew in tomato","recomended for keraten 2mllit water",13.2026,79.0032
CHITTOOR,Vegetables,2015,4,29,Tomato,CHITTOOR,"Plant Protection",RABI,HORTICULTURE,"ANDHRA PRADESH","tomato powdery mildew","recomonded doasge carathane 200mlacre",13.2026,79.0032
MADANAPALLE,Vegetables,2015,5,24,Tomato,CHITTOOR,"Plant Protection",nan,HORTICULTURE,"ANDHRA PRADESH","tomato powdery mildew","recomonded dosage carathane 200mlacre",13.2026,79.0032
SODAM,Vegetables,2015,6,29,Tomato,CHITTOOR,"Plant Protection",KHARIF,HORTICULTURE,"ANDHRA PRADESH","POWDERY MILDEW DAMAGE IN TOMATO","AMISTAR 200 ML  ACRE",13.2026,79.0032
MADANAPALLE,Vegetables,2015,7,7,Tomato,CHITTOOR,"Plant Protection",nan,HORTICULTURE,"ANDHRA PRADESH","powdery mildew and mite damage","recommended kerathane 400mlacre and dicofol 5mlliter",13.2026,79.0032
IRALA,Vegetables,2015,7,8,Tomato,CHITTOOR,"Plant Protection",KHARIF,HORTICULTURE,"ANDHRA PRADESH","tomato powdery mildew","RECOMMENDED TO SPRAY DINOCAPKERATHANE 400 ML PER ACRE",13.2026,79.0032
GOMARIGURI,Vegetables,2015,4,28,Tomato,GOLAGHAT,"Plant Protection",KHARIF,HORTICULTURE,ASSAM,"CONTROL MEASURE OF POWDERY MILDEW OF TOMATO","SPRAY BAVISTIN  2 GM PER LITRE OF WATER",26.5108,93.9744
MANIKPUR,Vegetables,2015,2,4,Tomato,BONGAIGAON,"Plant Protection",RABI,HORTICULTURE,ASSAM,"PROBLEM OF POWDERY MILDEW","ADVISED HIM TO APPLY BAVISTIN  1 GM  LITRE OF WATER",26.48,90.558
PALIGANJ,Vegetables,2015,2,7,Tomato,PATNA,"Plant Protection",JAYAD,HORTICULTURE,BIHAR,"Powdery mildew","Spray copper oxycloride  2 gram in 1 litre of water",25.6093,85.1235
DRANG,Vegetables,2015,10,19,Tomato,MANDI,"Plant Protection",RABI,HORTICULTURE,"HIMACHAL PRADESH","How to control Powdery Mildew in Tomato ","control Powdery Mildew in Tomato  are : Spray Hexaconozol  1 Gm 2 Liter of Water",31.6517,77.0093
KAKAPORA,Vegetables,2015,6,27,Tomato,PULWAMA,"Plant Protection",KHARIF,HORTICULTURE,"JAMMU AND KASHMIR","powdery mildew in tomato","spray crop with wettable suphur",33.949,75.0418
ATHNI,Vegetables,2015,2,3,Tomato,BELGAUM,"Plant Protection",nan,HORTICULTURE,KARNATAKA,"tomato powdery mildew","wettable sulpurm 2g perm liter of water",15.8573,74.5069
ARSIKERE,Vegetables,2015,5,13,Tomato,HASSAN,"Plant Protection",nan,HORTICULTURE,KARNATAKA,"powdery mildew in tomato","benomyl 1gl spray",13.0302,76.1745
ARSIKERE,Vegetables,2015,5,23,Tomato,HASSAN,"Plant Protection",nan,HORTICULTURE,KARNATAKA,"Powdery mildew in tomato","spray wettable sulphur 3gram per litre of water",13.0302,76.1745
ARSIKERE,Vegetables,2015,6,24,Tomato,HASSAN,"Plant Protection",nan,HORTICULTURE,KARNATAKA,"powdery mildew","wettable sulpher 2g",13.0302,76.1745
HUNSUR,Vegetables,2015,1,31,Tomato,MYSORE,"Plant Protection",nan,HORTICULTURE,KARNATAKA,"powdery mildew","carbendizem 1g in 1lt of water",12.3052,76.6554
HUNSUR,Vegetables,2015,5,10,Tomato,MYSORE,"Plant Protection",nan,HORTICULTURE,KARNATAKA,"powdery mildew","benomyl 1gl",12.3052,76.6554
CHAMARAJANAGAR,Vegetables,2015,6,25,Tomato,CHAMARAJANAGAR,"Plant Protection",nan,HORTICULTURE,KARNATAKA,"powdery mildew","spray wettable sulphur 3 gram per litre of water",11.9544,77.1069
CHAMARAJANAGAR,Vegetables,2015,8,3,Tomato,CHAMARAJANAGAR,"Plant Protection",nan,HORTICULTURE,KARNATAKA,"tomato powdery mildew","wettable sulphur 3gmliter water",11.9544,77.1069
Chintamani,Vegetables,2015,6,24,Tomato,CHIKKABALLAPUR,"Plant Protection",nan,HORTICULTURE,KARNATAKA,"POWDERY MILDEW","spray wettable sulphur 3 grams per litre of water",13.0994,77.3887
CHENGANNUR,Vegetables,2015,3,21,Tomato,ALAPPUZHA,"Plant Protection",nan,HORTICULTURE,KERALA,"powdery mildew in tomato","apply pseudomonas 4 gram in one liter",9.50066,76.4124
ATHNER,Vegetables,2015,6,30,Tomato,BETUL,"Plant Protection",KHARIF,HORTICULTURE,"MADHYA PRADESH","Farmer wants to know information about How to control of powdery mildew attack in tomato crop","Recommended for to control of powdery mildew attack in mustard  crop 20 Kg Sulfur powder or Dainokep Kerathen 30 LC  750 ml  Consisting of water spray per ha  Powdery mildew can be spraying Wettable sulphur 3 glit or Carbendazim 1 glit Totally 3 sprays are required at 15 days interval from the first appearance of symptom",21.8797,77.8754
MANDSAUR,Vegetables,2015,6,30,Tomato,MANDSAUR,"Plant Protection",KHARIF,HORTICULTURE,"MADHYA PRADESH","how to control powdery mildew of tomato crop ","Recommended for spray HEXACONAZOL 2 ML PER LITTER WATER",24.2628,75.3857
DEWAS,Vegetables,2015,5,7,Tomato,DEWAS,"Plant Protection",JAYAD,HORTICULTURE,"MADHYA PRADESH","farmer want to know information about How to control of powdery mildew attack in mustard  crop","to control of powdery mildew attack in mustard  crop 20 K G Sulfur powder or  Dainokep Kerathen 30 LC 750 ml  Consisting of water spray per ha ",22.8057,76.294
DEWAS,Vegetables,2015,5,7,Tomato,DEWAS,"Plant Protection",JAYAD,HORTICULTURE,"MADHYA PRADESH","farmer want to know information about How to control of powdery mildew attack in mustard  crop","to control of powdery mildew attack in mustard  crop 20 K G Sulfur powder or  Dainokep Kerathen 30 LC 750 ml  Consisting of water spray per ha ",22.8057,76.294
SARDARPUR,Vegetables,2015,6,20,Tomato,DHAR,"Plant Protection",KHARIF,HORTICULTURE,"MADHYA PRADESH","Farmer wants to know information about How to control of powdery mildew attack in mustard crop","Recommended for to control of powdery mildew attack in mustard  crop 20 K G Sulfur powder or  Dainokep Kerathen 30 LC 750 ml  Consisting of water spray per ha ",22.5787,75.2259
SINNAR,Vegetables,2015,1,11,Tomato,NASIK,"Plant Protection",nan,HORTICULTURE,MAHARASHTRA,"Powdery Mildew Attack","drenching of humic acid 30 mili  redomil gold 30 graam  15 litre water",19.9613,73.8317
IGATPURI,Vegetables,2015,2,13,Tomato,NASIK,"Plant Protection",RABI,HORTICULTURE,MAHARASHTRA,"Powdery Mildew Attack","Spray M-45 30 gm15 Lit of Water",19.9613,73.8317
KALWAN,Vegetables,2015,3,21,Tomato,NASIK,"Plant Protection",nan,HORTICULTURE,MAHARASHTRA,"Attack of Powdery Mildew","Spray Bavistine 30gm15lit of Water",19.9613,73.8317
IGATPURI,Vegetables,2015,3,22,Tomato,NASIK,"Plant Protection",JAYAD,HORTICULTURE,MAHARASHTRA,"powdery mildew attack on Tomato","spray Score 05 mili  karate 1 mili per liter of water",19.9613,73.8317
SINNAR,Vegetables,2015,5,7,Tomato,NASIK,"Plant Protection",nan,HORTICULTURE,MAHARASHTRA,"Attack of Powdery Mildew","Spray Bavistine 30gm15lit of Water",19.9613,73.8317
MALEGAON,Vegetables,2015,5,21,Tomato,NASIK,"Plant Protection",nan,HORTICULTURE,MAHARASHTRA,"POWDERY MILDEW CONTROL","YOU CAN SPRAY KAVACH 30 GRAM SCOR 5 MILI PAMP WATER USE FOR POWDERY MILDEW",19.9613,73.8317
DEOLA,Vegetables,2015,5,24,Tomato,NASIK,"Plant Protection",nan,HORTICULTURE,MAHARASHTRA,"Powdery Mildew Attack","Spray M-45 30 gm15 Lit of Water",19.9613,73.8317
SURGANA,Vegetables,2015,5,28,Tomato,NASIK,"Plant Protection",JAYAD,HORTICULTURE,MAHARASHTRA,"Powdery Mildew Attack","Spray Bavistine 30gm15lit of Water",19.9613,73.8317
DINDORI,Vegetables,2015,7,29,Tomato,NASIK,"Plant Protection",KHARIF,HORTICULTURE,MAHARASHTRA,"Attack of Powdery Mildew","Spray Tilt 30gm humic acid 30 ml 15 Lit of Water",19.9613,73.8317
NANDGAON,Vegetables,2015,8,6,Tomato,NASIK,"Plant Protection",KHARIF,HORTICULTURE,MAHARASHTRA,"Attack of Powdery Mildew","Blue copper -40 gm15 lit water",19.9613,73.8317
YEOLA,Vegetables,2015,8,8,Tomato,NASIK,"Plant Protection",KHARIF,HORTICULTURE,MAHARASHTRA,"Powdery Mildew Attack ON TOMATO","Spray M-45 30 gm15 Lit of Water",19.9613,73.8317
SINNAR,Vegetables,2015,8,25,Tomato,NASIK,"Plant Protection",KHARIF,HORTICULTURE,MAHARASHTRA,"Attack of Powdery Mildew ","Spray Tilt 30gm15 Lit of Water",19.9613,73.8317
DEOLA,Vegetables,2015,8,25,Tomato,NASIK,"Plant Protection",nan,HORTICULTURE,MAHARASHTRA,"Attack of powdery mildew","spray 80  sulphur 30 gm in 15 liter water",19.9613,73.8317
CHANDWAD,Vegetables,2015,9,1,Tomato,NASIK,"Bio-Pesticides and Bio-Fertilizers",KHARIF,HORTICULTURE,MAHARASHTRA,"TO CONTROL ATTACK OF POWDERY MILDEW ON TOMATO CROP","SPRAY WETTABLE SULPHUR 30 GM IN 15 LTR OF WATER TO CONTROL ATTACK OF POWDERY MILDEW  RED MITES ON BHENDI CROP",19.9613,73.8317
DINDORI,Vegetables,2015,11,20,Tomato,NASIK,"Plant Protection",RABI,HORTICULTURE,MAHARASHTRA,"Attack of Powdery Mildew","Blue copper -40 gm15 lit water",19.9613,73.8317
NIPHAD,Vegetables,2015,12,6,Tomato,NASIK,"Plant Protection",RABI,HORTICULTURE,MAHARASHTRA,"Attack of Powdery Mildew","Blue copper -40 gm15 lit water",19.9613,73.8317
IGATPURI,Vegetables,2015,12,29,Tomato,NASIK,"Plant Protection",nan,HORTICULTURE,MAHARASHTRA,"asked about powdery mildew in tomato","powdery mildew in tomato  - spray antracol",19.9613,73.8317
DHULE,Vegetables,2015,10,22,Tomato,DHULE,"Agriculture Mechanization",KHARIF,HORTICULTURE,MAHARASHTRA,"Powdery Mildew Attack","Spray M-45 30 gm15 Lit of Water",21.1305,74.4901
SAKRI,Vegetables,2015,11,12,Tomato,DHULE,"Plant Protection",RABI,HORTICULTURE,MAHARASHTRA,"Attack of Powdery Mildew","SPRAY REDOMIL GOLD 30 GM 15 LITER WATER",21.1305,74.4901
AKOLE,Vegetables,2015,2,26,Tomato,AHMADNAGAR,"Plant Protection",RABI,HORTICULTURE,MAHARASHTRA,"Attack of Powdery Mildew","Spray Bavistine 30gm15lit of Water",19.0744,74.722
JAMKHED,Vegetables,2015,3,31,Tomato,AHMADNAGAR,"Plant Protection",nan,HORTICULTURE,MAHARASHTRA,"Powdery Mildew Attack ON TOMATO","Spray M-45 30 gm15 Lit of Water",19.0744,74.722
JAMKHED,Vegetables,2015,4,3,Tomato,AHMADNAGAR,"Plant Protection",nan,HORTICULTURE,MAHARASHTRA,"WHICH INSECTICIDE USE POWDERY MILDEW  CONTROL","YOU CAN SPRAY SCORE 5 MILI PAMP WATER USE FOR  POWDERY MILDEW CONTROL",19.0744,74.722
AKOLE,Vegetables,2015,4,12,Tomato,AHMADNAGAR,"Plant Protection",JAYAD,HORTICULTURE,MAHARASHTRA,"Powdery Mildew Attack on tomato","Powdery Mildew Attack on tomato-Spray Tilt 30gm15 Lit of Water",19.0744,74.722
PARNER,Vegetables,2015,5,10,Tomato,AHMADNAGAR,"Plant Protection",nan,HORTICULTURE,MAHARASHTRA,"Powdery Mildew Attack","Spray M-45 30 gm 15 Lit of Water",19.0744,74.722
SANGAMNER,Vegetables,2015,6,13,Tomato,AHMADNAGAR,"Plant Protection",KHARIF,HORTICULTURE,MAHARASHTRA,"FARMER ASKED FOR POWDERY MILDEW-","POWDERY MILDEW  COCIDE 2 GMLIT",19.0744,74.722
RAHURI,Vegetables,2015,6,13,Tomato,AHMADNAGAR,"Plant Protection",KHARIF,HORTICULTURE,MAHARASHTRA,"ASKED SPRAY FOR TOMATO POWDERY MILDEW","Confidor 6ml15 Lit of Water Spray Bavistine 30gm15lit of Water",19.0744,74.722
RAHURI,Vegetables,2015,6,13,Tomato,AHMADNAGAR,"Plant Protection",KHARIF,HORTICULTURE,MAHARASHTRA,"ASKED SPRAY FOR TOMATO POWDERY MILDEW","Confidor 6ml15 Lit of Water Spray Bavistine 30gm15lit of Water",19.0744,74.722
SANGAMNER,Vegetables,2015,7,5,Tomato,AHMADNAGAR,"Plant Protection",nan,HORTICULTURE,MAHARASHTRA,"powdery mildew control on tomato","tumhi score 5 mili kavach 30 gram pamp panyat fawarani kara bhuri niyantran karita",19.0744,74.722
AKOLE,Vegetables,2015,7,20,Tomato,AHMADNAGAR,"Plant Protection",nan,HORTICULTURE,MAHARASHTRA,"powdery mildew","Spray Tilt  score  kavach 30gm15lit of Water",19.0744,74.722
SANGAMNER,Vegetables,2015,7,30,Tomato,AHMADNAGAR,"Plant Protection",nan,HORTICULTURE,MAHARASHTRA,"farmer inquired about control measure for powdery mildew attack in tomato","to control powdery mildew attack in tomato spray score 8ml15 lit of water",19.0744,74.722
SANGAMNER,Vegetables,2015,8,5,Tomato,AHMADNAGAR,"Plant Protection",nan,HORTICULTURE,MAHARASHTRA,"asked powdery mildew in tomato","powdery mildew in tomato - spray m 45 2 gm  litar",19.0744,74.722
SANGAMNER,Vegetables,2015,8,8,Tomato,AHMADNAGAR,"Plant Protection",nan,HORTICULTURE,MAHARASHTRA,"Powdery Mildew Attack ","Spray Tilt  score  kavach 30gm15lit of Water",19.0744,74.722
KARJAT,Vegetables,2015,8,15,Tomato,AHMADNAGAR,"Plant Protection",KHARIF,HORTICULTURE,MAHARASHTRA,"powdery mildew of tomato","amistar 30 gram 15 liter water",19.0744,74.722
KARJAT,Vegetables,2015,8,15,Tomato,AHMADNAGAR,"Plant Protection",nan,HORTICULTURE,MAHARASHTRA,"asked powdery mildew in tomato","Spray Tilt 30gm15 Lit of Water",19.0744,74.722
SANGAMNER,Vegetables,2015,10,20,Tomato,AHMADNAGAR,"Plant Protection",KHARIF,HORTICULTURE,MAHARASHTRA,"Attack of Powdery Mildew","SPRAY REDOMIL GOLD 30 GM 15 LITER WATER",19.0744,74.722
DAUND,Vegetables,2015,3,14,Tomato,PUNE,"Plant Protection",nan,HORTICULTURE,MAHARASHTRA,"powdery mildew","spray topaj 15 ml  15 liter of water for tomato",18.5214,73.8545
PURANDAR,Vegetables,2015,4,12,Tomato,PUNE,"Plant Protection",JAYAD,HORTICULTURE,MAHARASHTRA,"Attack of Powdery Mildew","SPRAY M 45 30 GM 15 LITER WATER",18.5214,73.8545
JUNNAR,Vegetables,2015,6,16,Tomato,PUNE,"Plant Protection",nan,HORTICULTURE,MAHARASHTRA,"Powdery Mildew Attack ON TOMATO","Spray M-45 30 gm15 Lit of Water",18.5214,73.8545
SHIRUR,Vegetables,2015,7,22,Tomato,PUNE,"Plant Protection",nan,HORTICULTURE,MAHARASHTRA,"powdery mildew","spray balaton or topaz",18.5214,73.8545
INDAPUR,Vegetables,2015,7,29,Tomato,PUNE,"Plant Protection",KHARIF,HORTICULTURE,MAHARASHTRA,"POWDERY MILDEW O TOMATO ","POWDERY MILDEW O TOMATO - Spray Redomil Gold 30gm15Lit of Water",18.5214,73.8545
DAUND,Vegetables,2015,9,29,Tomato,PUNE,"Plant Protection",KHARIF,HORTICULTURE,MAHARASHTRA,"Attack of Powdery Mildew","Spray Tilt 30gm15 Lit of Water",18.5214,73.8545
PHALTAN,Vegetables,2015,1,21,Tomato,SATARA,"Plant Protection",nan,HORTICULTURE,MAHARASHTRA,"Attack of Powdery Mildew","Spray virosol 30gm15lit of water",17.6361,74.2983
KARAD,Vegetables,2015,5,20,Tomato,SATARA,"Plant Protection",RABI,HORTICULTURE,MAHARASHTRA,"Attack of Powdery Mildew","Spray Redomil Gold 30gm15Lit of Water",17.6361,74.2983
JATH,Vegetables,2015,5,17,Tomato,SANGLI,"Plant Protection",nan,HORTICULTURE,MAHARASHTRA,"Attack of Powdery Mildew","Drenching Bavistine 30gm  Humic Acid 30ml15 Lit of Water",17.1727,74.5868
MANGALVEDHE,Vegetables,2015,2,3,Tomato,SOLAPUR,"Plant Protection",nan,HORTICULTURE,MAHARASHTRA,"Powdery Mildew Attack","Spray Redomil Gold 30gm  humic  acid 30 ml 15Lit of Water",17.8499,75.2763
MOHOL,Vegetables,2015,5,15,Tomato,SOLAPUR,"Plant Protection",RABI,HORTICULTURE,MAHARASHTRA,"Powdery Mildew Attack on tomato crop ","Spray Bavistin 30gm  15lit of Water",17.8499,75.2763
KARMALA,Vegetables,2015,7,10,Tomato,SOLAPUR,"Bio-Pesticides and Bio-Fertilizers",KHARIF,HORTICULTURE,MAHARASHTRA,"TO CONTROL ATTACK OF POWDERY MILDEW ON TOMATO CROP","SPRAY TOPAZ OR BELETON TO CONTROL ATTACK OF POWDERY MILDEW ON TOMATO CROP",17.8499,75.2763
MOHOL,Vegetables,2015,11,20,Tomato,SOLAPUR,"Plant Protection",nan,HORTICULTURE,MAHARASHTRA,"Attack of Powdery Mildew","Blue copper -40 gm15 lit water",17.8499,75.2763
BARSHI,Vegetables,2015,12,6,Tomato,SOLAPUR,"Plant Protection",KHARIF,HORTICULTURE,MAHARASHTRA,"Attack of Powdery Mildew","Blue copper -40 gm15 lit water",17.8499,75.2763
"SOLAPUR NORTH",Vegetables,2015,12,12,Tomato,SOLAPUR,"Plant Protection",RABI,HORTICULTURE,MAHARASHTRA,"Attack of Powdery Mildew","Spray Tilt 30gm15 Lit of Water",17.8499,75.2763
PAITHAN,Vegetables,2015,3,28,Tomato,AURANGABAD,"Plant Protection",JAYAD,HORTICULTURE,MAHARASHTRA,"Powdery Mildew Attack","Spray REDOMIL GOLD 30gm 15Lit of Water",19.8773,75.339
SILLOD,Vegetables,2015,6,19,Tomato,AURANGABAD,"Plant Protection",KHARIF,HORTICULTURE,MAHARASHTRA,"Attack of Powdery Mildew","SPRAY REDOMIL GOLD 30 GM 15 LITER WATER",19.8773,75.339
AURANGABAD,Vegetables,2015,8,9,Tomato,AURANGABAD,"Plant Protection",KHARIF,HORTICULTURE,MAHARASHTRA,"Attack of Powdery Mildew","spray blue copper 30 gram    streptocyclean 45 gm15 Lit of Water",19.8773,75.339
KANAND,Vegetables,2015,10,3,Tomato,AURANGABAD,"Plant Protection",KHARIF,HORTICULTURE,MAHARASHTRA,"Powdery Mildew Attack","Spray M-45 30 gm15 Lit of Water",19.8773,75.339
AMBAD,Vegetables,2015,1,6,Tomato,JALNA,"Plant Protection",nan,HORTICULTURE,MAHARASHTRA,"powdery mildew control on tomato","you can spray rijent 30 miliscore 5 milipamp water for powdery control",19.9188,75.8709
MANWAT,Vegetables,2015,3,18,Tomato,PARBHANI,"Plant Protection",JAYAD,HORTICULTURE,MAHARASHTRA,"Attack of Powdery Mildew","Blue copper -40 gm15 lit water",19.2902,76.6026
PURNA,Vegetables,2015,5,23,Tomato,PARBHANI,"Plant Protection",JAYAD,HORTICULTURE,MAHARASHTRA,"powdery mildew","spray topaj 15 ml  15 liter of water for tomato",19.2902,76.6026
PARBHANI,Vegetables,2015,12,9,Tomato,PARBHANI,"Plant Protection",RABI,HORTICULTURE,MAHARASHTRA,"Attack of Powdery Mildew","Blue copper -40 gm15 lit water",19.2902,76.6026
GEORAI,Vegetables,2015,2,18,Tomato,BEED,"Plant Protection",KHARIF,HORTICULTURE,MAHARASHTRA,"Powdery Mildew Attack","actra 5 gm  bavistan 30 gm  micriollla 30 ml  15 litar water",18.9918,75.9098
MAJALGAON,Vegetables,2015,3,23,Tomato,BEED,"Plant Protection",JAYAD,HORTICULTURE,MAHARASHTRA,"Attack of Powdery Mildew","Spray Bavistine 30gm15lit of Water",18.9918,75.9098
ASHTI,Vegetables,2015,5,8,Tomato,BEED,"Plant Protection",nan,HORTICULTURE,MAHARASHTRA,"Powdery Mildew Attack","Microlla 30 ml humic acid 20 ml ridomil gold 25 gm  19:19:19-dranching",18.9918,75.9098
"NAIGAON KH",Vegetables,2015,2,27,Tomato,NANDED,"Plant Protection",RABI,HORTICULTURE,MAHARASHTRA,"Attack of Powdery Mildew","Spray Bavistine 30gm15lit of Water",19.094,77.4832
"NAIGAON KH",Vegetables,2015,3,19,Tomato,NANDED,"Plant Protection",KHARIF,HORTICULTURE,MAHARASHTRA,"Attack of Powdery Mildew ","Spray Bavistine 30gm15lit of Water",19.094,77.4832
"NAIGAON KH",Vegetables,2015,3,26,Tomato,NANDED,"Plant Protection",RABI,HORTICULTURE,MAHARASHTRA,"Attack of Powdery Mildew","Spray Tilt 30gm  Actra 5 gm15 Lit of Water",19.094,77.4832
DHARMABAD,Vegetables,2015,9,8,Tomato,NANDED,"Plant Protection",KHARIF,HORTICULTURE,MAHARASHTRA,"Powdery Mildew Attack","Spray Redomil Gold 30gm15Lit of Water",19.094,77.4832
HADGAON,Vegetables,2015,12,31,Tomato,NANDED,"Plant Protection",RABI,HORTICULTURE,MAHARASHTRA,"Attack of Powdery mildew on tomato ","Spray Amistar 5 ml15 Liter of WaterAzactrostrobin-Syngenta",19.094,77.4832
LATUR,Vegetables,2015,1,2,Tomato,LATUR,"Plant Protection",RABI,HORTICULTURE,MAHARASHTRA,"Powdery Mildew Attack","Spray Bavistine 30gm15lit of Water",18.3553,76.7549
AUSA,Vegetables,2015,2,11,Tomato,LATUR,"Plant Protection",JAYAD,HORTICULTURE,MAHARASHTRA,"POWDERY MILDEW OF TOMATO","SPRAY SULPHUR 2 GM  1 LIT OF WATER",18.3553,76.7549
BULDANA,Vegetables,2015,3,5,Tomato,BULDANA,"Plant Protection",nan,HORTICULTURE,MAHARASHTRA,"HOW TO CONTROL POWDERY MILDEW ON  ","FOR CONTROL POWDERY MILDEW ON   SPRAY SULPHAR 25 GM PER 10 LITER OF WATER",20.5628,76.4087
NANDURA,Vegetables,2015,6,7,Tomato,BULDANA,"Plant Protection",JAYAD,HORTICULTURE,MAHARASHTRA,"Powdery Mildew Attack","Blue copper -40 gm 15 lit water",20.5628,76.4087
BULDANA,Vegetables,2015,11,5,Tomato,BULDANA,"Plant Protection",nan,HORTICULTURE,MAHARASHTRA,"Attack of Powdery Mildew ","Spray M-45 30 gm15 Lit of WaterL",20.5628,76.4087
AKOT,Vegetables,2015,11,6,Tomato,AKOLA,"Plant Protection",KHARIF,HORTICULTURE,MAHARASHTRA,"powdery mildew","spray sulpher 20gm 15 lit water",20.7618,77.1921
AMRAVATI,Vegetables,2015,1,8,Tomato,AMRAVATI,"Plant Protection",RABI,HORTICULTURE,MAHARASHTRA,"powdery mildew on tomato","roco 25  gram 15 liter water     ",21.1545,77.6443
BHATKULI,Vegetables,2015,1,11,Tomato,AMRAVATI,"Plant Protection",RABI,HORTICULTURE,MAHARASHTRA,"Powdery Mildew Attack","Blue copper -40 gm 15 lit water",21.1545,77.6443
GHATANJI,Vegetables,2015,1,17,Tomato,YEVATMAL,"Plant Protection",nan,HORTICULTURE,MAHARASHTRA,"TO CONTROL ATTACK OF POWDERY MILDEW","SPRAY TOPAZ OR BELETON TO CONTROL ATTACK OF POWDERY MILDEW",18.9068,75.6742
DIGRAS,Vegetables,2015,3,11,Tomato,YEVATMAL,"Plant Protection",nan,HORTICULTURE,MAHARASHTRA,"Powdery Mildew Attack  fungs attak ","Redomil Gold 30gm 19:19:19 30gmHumic Acid 30ml 15 Lit of Water Drenching",18.9068,75.6742
MAHAGAON,Vegetables,2015,3,15,Tomato,YEVATMAL,"Plant Protection",RABI,HORTICULTURE,MAHARASHTRA,"Powdery Mildew Attack","Spray Bavistine 30gm15lit of Water",18.9068,75.6742
WARDHA,Vegetables,2015,11,16,Tomato,WARDHA,"Plant Protection",RABI,HORTICULTURE,MAHARASHTRA,"ASKED FOR TOMATO POWDERY MILDEW ","Spray Antracol  25 gm  Regent 30   15 Liter of WaterPropineb-Bayer",20.8256,78.6131
WARDHA,Vegetables,2015,11,17,Tomato,WARDHA,"Plant Protection",RABI,HORTICULTURE,MAHARASHTRA,"Attack of Powdery Mildew on tomato","Powdery Mildew on tomato - spray amistar 15 ml  15 Lit of Water",20.8256,78.6131
WARDHA,Vegetables,2015,11,20,Tomato,WARDHA,"Plant Protection",RABI,HORTICULTURE,MAHARASHTRA,"Attack of Powdery Mildew ","Spray M-45 30 gm15 Lit of Water",20.8256,78.6131
WARORA,Vegetables,2015,12,25,Tomato,CHANDRAPUR,"Plant Protection",RABI,HORTICULTURE,MAHARASHTRA,"ATTACK OF POWDERY MILDEW----","SPRAY MICROLA  40 ML  BAVISTIN  30 GRAMS IN 15 LITER OF WATER",20.0968,79.5045
KALAMNURI,Vegetables,2015,2,8,Tomato,HINGOLI,"Plant Protection",KHARIF,HORTICULTURE,MAHARASHTRA,"Powdery Mildew Attack","Spray Bavistine 30gm15lit of Water",19.5431,77.1739
BASMAT,Vegetables,2015,2,24,Tomato,HINGOLI,"Plant Protection",nan,HORTICULTURE,MAHARASHTRA,"Powdery Mildew Attack","Bavistine 30gm  HUMIC ACID 30ml15 Lit of Water Drenching",19.5431,77.1739
"AUNDHA  NAGNATH",Vegetables,2015,4,7,Tomato,HINGOLI,"Plant Protection",KHARIF,HORTICULTURE,MAHARASHTRA,"Attack of Powdery Mildew ","Spray Redomil Gold 30gm  Admire -5 ml 15Lit of Water",19.5431,77.1739
"AUNDHA  NAGNATH",Vegetables,2015,10,24,Tomato,HINGOLI,"Plant Protection",KHARIF,HORTICULTURE,MAHARASHTRA,"Attack of Powdery Mildew","Blue copper -40 gm15 lit water",19.5431,77.1739
SHAHADA,Vegetables,2015,3,29,Tomato,NANDURBAR,"Plant Protection",nan,HORTICULTURE,MAHARASHTRA,"Powdery Mildew Attack"," 30 15     ",21.5142,74.5406
NAVAPUR,Vegetables,2015,5,24,Tomato,NANDURBAR,"Plant Protection",nan,HORTICULTURE,MAHARASHTRA,"powdery mildew","powdery mildew - spray topaz or balaton",21.5142,74.5406
BISHNUPUR,Vegetables,2015,10,28,Tomato,BISHNUPUR,"Plant Protection",KHARIF,HORTICULTURE,MANIPUR,"ASKING ABOUT THE POWDERY MILDEW IN TOMATO AND WEATHER REPORT","SUGGESTED TO SPRAY BAYLETON 25 WP10 ML10 LT OF WATER FOR POWDERY MILDEWWEATHER-There may be no rain upto Date 2 Novm Sky will remain mainly clear to partly cloudy with maximum temp of 280  290 oC  minimum temp 160  170 oC Relative humidity may reach upto 99  max RH  55  min RH",24.6267,93.76
TITLAGARH,Vegetables,2015,3,8,Tomato,BALANGIR,"Plant Protection",nan,HORTICULTURE,ODISHA,"POWDERY MILDEW IN TOMATO","APPLY SULFEX  4GMLITRE WATER SPRAY",20.6095,83.1673
"NISCHINTA KOILI",Vegetables,2015,2,20,Tomato,CUTTACK,"Plant Protection",nan,HORTICULTURE,ODISHA,"POWDERY MILDEW IN TOMATO","RECOMMENDED SULFEX  4GMLITRE WATER SPRAY",20.4686,85.8792
SANAKHEMUNDI,Vegetables,2015,2,19,Tomato,GANJAM,"Plant Protection",nan,HORTICULTURE,ODISHA,"POWDERY MILDEW IN TOMATO","RECOMMENDED SPRAY SULFEX4GMLIT",19.609,84.7081
KESINGA,Vegetables,2015,2,28,Tomato,KALAHANDI,"Plant Protection",nan,HORTICULTURE,ODISHA,"POWDERY MILDEW OF TOMATO","RECOMENDED TO SPRAY WETEBLE SULPHUR SULPHEX 4GMLITER WATER TO CONTROLL POWDERY MILDEW OF TOMATO",19.8266,83.0409
BORIGUMMA,Vegetables,2015,3,18,Tomato,KORAPUT,"Plant Protection",nan,HORTICULTURE,ODISHA,"POWDERY MILDEW  IN TOMATO","RECOMMENDED FOR SPRAY SULPHUR 4-6GML OF WATER FOR POWDERY MILDEW  IN TOMATO",18.7232,82.6101
BANGRIPOSI,Vegetables,2015,3,5,Tomato,MAYURBHANJ,"Plant Protection",nan,HORTICULTURE,ODISHA,"POWDERY MILDEW IN TOMATO","APPLY SULFEX  4GMLITRE WATER SPRAY",21.9156,86.3962
KARANJIA,Vegetables,2015,7,18,Tomato,MAYURBHANJ,"Plant Protection",nan,HORTICULTURE,ODISHA,"POWDERY MILDEW  IN TOMATO","RECOMMENDED TO SPRAY SULPHEX 4 GM PER LITRE WATER",21.9156,86.3962
DUNGURIPALI,Vegetables,2015,3,1,Tomato,SONEPUR,"Plant Protection",nan,HORTICULTURE,ODISHA,"POWDERY MILDEW IN TOMATO","RECOMMENDED FOR SPRAY SULPHUR 4-6GML OF WATER FOR POWDERY MILDEW IN TOMATO",20.8454,83.9091
KUJANG,Vegetables,2015,1,25,Tomato,JAGATSINGHAPUR,"Plant Protection",nan,HORTICULTURE,ODISHA,"powdery mildew in tomato","recommended to apply sulfex 4 gram in 1 litre of water spray",20.1801,86.3415
CHILIKA,Vegetables,2015,2,23,Tomato,KHORDHA,"Plant Protection",nan,HORTICULTURE,ODISHA,"POWDERY MILDEW IN TOMATO","RECOMENDED DOSE OF SULFEX 4GM1LIT WATER SPRAY",20.0538,85.5023
GAISILET,Vegetables,2015,10,10,Tomato,BARGARH,"Plant Protection",nan,HORTICULTURE,ODISHA,"powdery mildew in tomato","apply sulfex 4gm per 1 litre water",21.232,83.5653
SOHELLA,Vegetables,2015,10,24,Tomato,BARGARH,"Plant Protection",RABI,HORTICULTURE,ODISHA,"POWDERY MILDEW IN TOMATO","RECOMMENDED TO SPRAY SULPHUR 4GM LIT WATER FOR CONTROL OF POWDERY MILDEW IN TOMATO",21.232,83.5653
GOVINDGARH,Vegetables,2015,3,21,Tomato,JAIPUR,"Plant Protection",RABI,HORTICULTURE,RAJASTHAN,"TELL ME CONTROL OF POWDERY MILDEW OF TOMATO","SPRAY OF KERATHIYAN 1 GRAM  LITER",26.9155,75.819
BASSI,Vegetables,2015,8,31,Tomato,JAIPUR,"Plant Protection",KHARIF,HORTICULTURE,RAJASTHAN,"TELL ME CONTROL OF POWDERY MILDEW IN TOMATO ","SPRAY OF WETTEBLE SULPHUR 80 WDG 2 GM PER LITER WATER",26.9155,75.819
SALEM,Vegetables,2015,12,14,Tomato,SALEM,"Nutrient Management",RABI,HORTICULTURE,TAMILNADU,"chillies powdery mildew","recommended for spray of dinocap  Morocon 2 gram per litre of water",11.647,78.2107
Dharapuram,Vegetables,2015,7,26,Tomato,TIRUPUR,"Plant Protection",KHARIF,HORTICULTURE,TAMILNADU,"Tomato powdery mildew","Recommended for spray mancozeb 2 gram litre of water",11.1672,77.3473
BERAHANI,Vegetables,2015,10,10,Tomato,CHANDAULI,"Plant Protection",JAYAD,HORTICULTURE,"UTTAR PRADESH","Powdery mildew in tomato","Carbendazim 12  Mancozeb 63 WP 500 gramacre",25.1257,83.2495
DARJEELING-PULBAZAR,Vegetables,2015,3,16,Tomato,DARJEELING,"Plant Protection",RABI,HORTICULTURE,"WEST BENGAL","QUERIES REGARDING CONTROL OF  POWDERY MILDEW IN TOMATO","RECOMMENDED FOR SPRAY OF CARBENDAZIM 50EC 1KGLIT OF WATER",27.0378,88.2632
"TEMI TARKU",Vegetables,2015,9,12,Tomato,"SOUTH DISTRICT","Plant Protection",KHARIF,HORTICULTURE,SIKKIM,"CONTROL OF LATE BLIGHTPOWDERY MILDEW IN TOMATO","RECOMMENDED FOR SPRAY RICH AGRI GOURD 3ML PER LITRE OF WATER",27.3333,88.4167
MANATU,Vegetables,2015,9,4,Tomato,PALAMU,"Plant Protection",nan,HORTICULTURE,JHARKAND,"Powdery mildew","Spray copper oxycloride  2 gram in 1 litre of water",24.2213,84.1726
THINGSULTHLIAH,Vegetables,2015,8,12,Tomato,AIZAWL,"Plant Protection",nan,HORTICULTURE,MIZORAM,"ASKING TO CONTROL POWDERY MILDEW IN TOMATO","SUGGESTED HIM TO APPLY CAPTAF  2GLITRE OF WATER",23.8407,92.6211
CHINTAPALLE,Vegetables,2016,3,14,Tomato,VISAKHAPATNAM,"Plant Protection",JAYAD,HORTICULTURE,"ANDHRA PRADESH","tomato powdery mildew","RECOMMENDED TO SPRAY DINOCAP 400 ML PER ACRE",17.6936,83.2921
MANDAVALLI,Vegetables,2016,2,17,Tomato,KRISHNA,"Plant Protection",nan,HORTICULTURE,"ANDHRA PRADESH","Powdery mildew of tomato","Spray wettable sulphur  3gl orkerathane  1mll of water",16.2128,81.0307
KUDAIR,Vegetables,2016,1,5,Tomato,ANANTPUR,"Plant Protection",nan,HORTICULTURE,"ANDHRA PRADESH","TOMATO POWDERY MILDEW","RECOMMENDED TO SPRAY DINOCAPKERATHANE 400 ML PER ACRE",13.5747,78.5029
GARLADINNE,Vegetables,2016,1,6,Tomato,ANANTPUR,"Plant Protection",nan,HORTICULTURE,"ANDHRA PRADESH","about management of the powdery mildew","recommended to spray amistar 150 ml per acer",13.5747,78.5029
BELUGUPPA,Vegetables,2016,2,12,Tomato,ANANTPUR,"Plant Protection",RABI,HORTICULTURE,"ANDHRA PRADESH","tomato powdery mildew","RECOMMENDED TO SPRAY DINOCAPKERATHANE 400 ML PER ACRE",13.5747,78.5029
BELUGUPPA,Vegetables,2016,7,28,Tomato,ANANTPUR,"Plant Protection",KHARIF,HORTICULTURE,"ANDHRA PRADESH","tomato powdery mildew","RECOMMENDED TO SPRAY DINOCAP 400 ML PER ACRE in 200 lit of water",13.5747,78.5029
BELUGUPPA,Vegetables,2016,7,29,Tomato,ANANTPUR,"Plant Protection",KHARIF,HORTICULTURE,"ANDHRA PRADESH","tomato powdery mildew","RECOMMENDED to SPRAY DINOCAP 400 ML ACRE",13.5747,78.5029
CHENNEKOTHAPALLE,Vegetables,2016,7,30,Tomato,ANANTPUR,"Plant Protection",nan,HORTICULTURE,"ANDHRA PRADESH","tomato powdery mildew damage","recommended to spray ajaksi strobin 200 milli liter  acre",13.5747,78.5029
KALYANDRUG,Vegetables,2016,10,6,Tomato,ANANTPUR,"Plant Protection",nan,HORTICULTURE,"ANDHRA PRADESH","tomato leaf spot  powdery mildew management","RECOMMENDED TO SPRAY AZAKSISTRIBIN 150 ML ACRE",13.5747,78.5029
AMADAGUR,Vegetables,2016,10,12,Tomato,ANANTPUR,"Plant Protection",nan,HORTICULTURE,"ANDHRA PRADESH","tomato powdery mildew management","RECOMMENDED TO SPRAY DINOCAP  400 ML  ACRE   RECOMMENDED TO SPRAY HEXACONAZOLE   400 ML  ACRE",13.5747,78.5029
AMADAGUR,Vegetables,2016,10,17,Tomato,ANANTPUR,"Plant Protection",nan,HORTICULTURE,"ANDHRA PRADESH","tomato powdery mildew management","RECOMMENDED TO SPRAY AZAKSISTRIBIN 150 ML ACRE",13.5747,78.5029
AMARAPURAM,Vegetables,2016,10,23,Tomato,ANANTPUR,"Plant Protection",nan,HORTICULTURE,"ANDHRA PRADESH","POWDERY MILDEW IN TOMATO","RECOMMENDED TO SPRAY  WATER SOLUBLE SULPHUR 600 GRAMS200 LITRES OF WATER  ACRE",13.5747,78.5029
KALYANDRUG,Vegetables,2016,10,30,Tomato,ANANTPUR,"Plant Protection",nan,HORTICULTURE,"ANDHRA PRADESH","TOMATO POWDERY MILDEW","RECOMMENDED TO SPRAY WETTABLE SULPHUR 3 GRAMS PER LITEROF WATER",13.5747,78.5029
KALYANDRUG,Vegetables,2016,10,31,Tomato,ANANTPUR,"Cultural Practices",nan,HORTICULTURE,"ANDHRA PRADESH","tomato powdery mildew control:","tomato powdery mildew control: spray dinocap 2mliter water",13.5747,78.5029
BELUGUPPA,Vegetables,2016,10,31,Tomato,ANANTPUR,"Plant Protection",nan,HORTICULTURE,"ANDHRA PRADESH","TOMATO POWDERY MILDEW CONTROL","RECOMMENDED TO SPRAY AZOXYSTROBIN TEBUCONAZOLE 240 ML200 LITRES OF WATER  ACRE",13.5747,78.5029
MUDDANUR,Vegetables,2016,1,29,Tomato,"Y S R ","Plant Protection",nan,HORTICULTURE,"ANDHRA PRADESH","TOMATO POWDERY MILDEW","RECOMMENDED TO SPRAY HEXACONAZOLECONTAF ANVIL  400 ML PER ACRE",15.9241,80.1864
MUDDANUR,Vegetables,2016,1,29,Tomato,"Y S R ","Plant Protection",nan,HORTICULTURE,"ANDHRA PRADESH","TOMATO POWDERY MILDEW","RECOMMENDED TO SPRAY HEXACONAZOLECONTAF ANVIL  400 ML PER ACRE",15.9241,80.1864
MYDUKUR,Vegetables,2016,12,10,Tomato,"Y S R ","Plant Protection",nan,HORTICULTURE,"ANDHRA PRADESH","tomato powdery mildew management","recommend to spray dinicap 2ml  lit of water",15.9241,80.1864
CHINNAGOTTIGALLU,Vegetables,2016,2,18,Tomato,CHITTOOR,"Plant Protection",nan,HORTICULTURE,"ANDHRA PRADESH","Powdery mildew of tomato","Spray wettable sulphur  3gl orkerathane  1mll of water",13.2026,79.0032
SOMALA,Vegetables,2016,6,11,Tomato,CHITTOOR,"Plant Protection",nan,HORTICULTURE,"ANDHRA PRADESH","powdery mildew  damage in tomato","recommended to spray dinocap 400milliacre",13.2026,79.0032
PEDDATHIPPASAMUDRAM,Vegetables,2016,7,6,Tomato,CHITTOOR,"Cultural Practices",nan,HORTICULTURE,"ANDHRA PRADESH","TOMATO POWDERY MILDEW CONTROL:","Powdery mildew IN TOMATO:Powdery mildew can be controlled by spraying Dinocap 1 mllit or Carbendazim 05 glit",13.2026,79.0032
KURABALAKOTA,Vegetables,2016,7,15,Tomato,CHITTOOR,"Plant Protection",nan,HORTICULTURE,"ANDHRA PRADESH","tomato powdery mildew damage","recommended to spray ajaksi strobin 1 milli liter  liter water",13.2026,79.0032
BANGARUPALEM,Vegetables,2016,9,21,Tomato,CHITTOOR,"Plant Protection",nan,HORTICULTURE,"ANDHRA PRADESH","TOMATO POWDERY MILDEW MANAGEMENT","TOMATO POWDERY MILDEW MANAGEMENT : RECOMMENDED TO SPRAY DINOCAP  400 ML 200 LITRES OF WATER  ACRE",13.2026,79.0032
GURRAMKONDA,Vegetables,2016,9,26,Tomato,CHITTOOR,"Plant Protection",KHARIF,HORTICULTURE,"ANDHRA PRADESH","powdery mildew on tomato","RECOMMENDED TO SPRAY Tebuconazole  Trifloxystrobin  160 GRAM  ACRE IN 200 LT WATER",13.2026,79.0032
CHINNAGOTTIGALLU,Vegetables,2016,10,14,Tomato,CHITTOOR,"Plant Protection",nan,HORTICULTURE,"ANDHRA PRADESH","tomato powdery mildew","Recommended to spray Azoxystrobin   AMISTAR150 ml acre in 200 ml liter",13.2026,79.0032
GURRAMKONDA,Vegetables,2016,10,30,Tomato,CHITTOOR,"Plant Protection",nan,HORTICULTURE,"ANDHRA PRADESH","TOMATO POWDERY MILDEW","RECOMMENDED TO SPRAY WETTABLE SULPHUR  600 GRAMS PER ACRE",13.2026,79.0032
MADANAPALLE,Vegetables,2016,11,3,Tomato,CHITTOOR,"Plant Protection",nan,HORTICULTURE,"ANDHRA PRADESH","TOMATO POWDERY MILDEW","RECOMMENDED TO SPRAY DINOCAP 400 ML PER ACRE",13.2026,79.0032
TISA,Vegetables,2016,9,27,Tomato,CHAMBA,"Plant Protection",nan,HORTICULTURE,"HIMACHAL PRADESH","CONTROL POWDERY MILDEW OF TOMATO ","CONTROL POWDERY MILDEW OF TOMATO IS SPRAY HEXACONOZOL  05ML PER LITER OF WATER",32.6923,76.1632
PANCHRUKHI,Vegetables,2016,10,5,Tomato,KANGRA,"Plant Protection",nan,HORTICULTURE,"HIMACHAL PRADESH","control powdery mildew of tomato ","control powdery mildew of tomato is spray Kerathen  05mlliter of water",32.0769,76.2986
BAIJNATH,Vegetables,2016,11,29,Tomato,KANGRA,"Plant Protection",nan,HORTICULTURE,"HIMACHAL PRADESH","how to control powdery mildew in tomato ","Spray hexaconozole  1 ml per liter water",32.0769,76.2986
FATEHPUR,Vegetables,2016,12,11,Tomato,KANGRA,"Plant Protection",nan,HORTICULTURE,"HIMACHAL PRADESH","control powdery mildew of pea ","control powdery mildew of pea is spray Kerathen  05mlliter of water",32.0769,76.2986
KUNIHAR,Vegetables,2016,8,20,Tomato,SOLAN,"Plant Protection",nan,HORTICULTURE,"HIMACHAL PRADESH","control powdery mildew of pea ","control powdery mildew of pea is spray Kerathen  05mlliter of water",30.9078,77.1024
"BANGALORE EAST",Vegetables,2016,1,1,Tomato,BANGALORE,"Plant Protection",nan,HORTICULTURE,KARNATAKA,"POWDERY MILDEW","WETTABLE SULPHUR 2",12.9882,77.6226
HUMNABAD,Vegetables,2016,5,7,Tomato,BIDAR,"Plant Protection",nan,HORTICULTURE,KARNATAKA,"pOWDERY MILDEW OF TOMATO","Formulation: Bayleton WP25 is a Wettable Powder containing Triadimefon 250 g aikg",18.0207,77.2487
HUMNABAD,Vegetables,2016,5,7,Tomato,BIDAR,"Plant Protection",nan,HORTICULTURE,KARNATAKA,"Powdery mildew of Tomato","Spray Bayer  Tridemifon Bayleton",18.0207,77.2487
HUMNABAD,Vegetables,2016,5,7,Tomato,BIDAR,"Plant Protection",nan,HORTICULTURE,KARNATAKA,"Tomato powdery mildew","Bayer Bayleton Tridemefon 25 WP",18.0207,77.2487
MUDDEBIHAL,Vegetables,2016,2,27,Tomato,BIJAPUR,"Plant Protection",nan,HORTICULTURE,KARNATAKA,"POWDERY MILDEW","HEXACONOZOLE 1MLLITRE",16.827,75.7175
HOSDURGA,Vegetables,2016,6,29,Tomato,CHITRADURGA,"Plant Protection",nan,HORTICULTURE,KARNATAKA,"tomato powdery mildew","tomato powdery mildewspray carbendizium 2gml of water",14.3049,76.5297
HOSDURGA,Vegetables,2016,7,12,Tomato,CHITRADURGA,"Plant Protection",nan,HORTICULTURE,KARNATAKA,"POWDERY MILDEW","POWDERY MILDEW SPRAY HEXACONAZOLE",14.3049,76.5297
ALAND,Vegetables,2016,9,7,Tomato,GULBARGA,"Plant Protection",nan,HORTICULTURE,KARNATAKA,"CHEMICAL FOR POWDERY MILDEW","MANCOZEB 2GM1",17.331,76.8334
ARSIKERE,Vegetables,2016,6,19,Tomato,HASSAN,"Plant Protection",nan,HORTICULTURE,KARNATAKA,"powdery mildew","powdery mildew spray wettable sulpur 2gmlit",13.0302,76.1745
ARSIKERE,Vegetables,2016,11,21,Tomato,HASSAN,"Plant Protection",nan,HORTICULTURE,KARNATAKA,"POWDERY MILDEW","SPRAY MANCOZEB 2GMLITRE",13.0302,76.1745
HOLENARSIPUR,Vegetables,2016,12,15,Tomato,HASSAN,"Plant Protection",RABI,HORTICULTURE,KARNATAKA,"Powdery mildew IN TOMATO","Powdery mildew IN TOMATO Spray 30 g Wettable sulphur 80WP OR 10g Dinocap 45WPOR 10 ml Hexaconazole in a lit water",13.0302,76.1745
SRINIVASPUR,Vegetables,2016,6,28,Tomato,KOLAR,"Plant Protection",nan,HORTICULTURE,KARNATAKA,"POWDERY MILDEW","POWDERY MILDEW WETTABLE SULPUR 2-3GMSLIT",13.1805,78.2669
NAGAMANGALA,Vegetables,2016,6,12,Tomato,MANDYA,"Plant Protection",nan,HORTICULTURE,KARNATAKA,"powdery mildew","hexaconozole 2mllitre",12.6369,76.7275
MANDYA,Vegetables,2016,6,14,Tomato,MANDYA,"Plant Protection",nan,HORTICULTURE,KARNATAKA,"POWDERY MILDEW","POWDERY MILDEW SPRAY WATER SOLUABLE SULPHUR 3GMSLIT",12.6369,76.7275
GUBBI,Vegetables,2016,4,27,Tomato,TUMKUR,"Plant Protection",nan,HORTICULTURE,KARNATAKA,"POWDERY MILDEW","POWDERY MILDEW SPRAY HEXACANOZOLE 1MLLIT",13.3401,77.1006
CHIKNAYAKANHALLI,Vegetables,2016,7,3,Tomato,TUMKUR,"Plant Protection",nan,HORTICULTURE,KARNATAKA,"powdery mildew","powdery mildewspray wettable sulphur 2-3gmlt of water",13.3401,77.1006
MADHUGIRI,Vegetables,2016,11,25,Tomato,TUMKUR,"Plant Protection",nan,HORTICULTURE,KARNATAKA,"tomato powdery mildew","spray planofix 1ml4lt of water",13.3401,77.1006
YELBURGA,Vegetables,2016,2,21,Tomato,KOPPAL,"Plant Protection",nan,HORTICULTURE,KARNATAKA,"POWDERY MILDEW3","HEXACONOZOLE 1MLLITRE",15.5748,76.3119
HARSUD,Vegetables,2016,3,31,Tomato,"EAST NIMAR","Plant Protection",JAYAD,HORTICULTURE,"MADHYA PRADESH","Farmer  wants  to know information about How to control of powdery mildew attack in tomato crop","Recommended  for to control of powdery mildew attack in tomato crop 20 K G Sulfur powder or  Dainokep Kerathen 30 LC 750 ml  Consisting of water spray per ha ",21.75,76.5833
CHHINDWARA,Vegetables,2016,3,15,Tomato,CHHINDWARA,"Plant Protection",RABI,HORTICULTURE,"MADHYA PRADESH","Farmer needs information regarding control measures of powdery mildew attack in Tomato crop","Powdery mildew can be spraying Wettable sulphur 3 glit or Carbendazim 1 glit Totally 3 sprays are required at 15 days interval from the first appearance of symptom",22.2072,78.7988
TARANA,Vegetables,2016,4,28,Tomato,UJJAIN,"Plant Protection",JAYAD,HORTICULTURE,"MADHYA PRADESH","farmer need control powdery mildew in okra","spray liquid sulphur 25 gmlitre or hexaconozol 5EC 15 MLLITRE 2 OR 3 TIMES in 12-15 days interval in  okra crops",23.1885,75.7717
ANUPPUR,Vegetables,2016,2,20,Tomato,ANUPPUR,"Plant Protection",RABI,HORTICULTURE,"MADHYA PRADESH","Farmer wants to know information about How to control of powdery mildew attack in tomato crop","Recommended  for to control of powdery mildew attack in tomato crop 20 K G Sulfur powder or  Dainokep Kerathen 30 LC 750 ml  Consisting of water spray per ha ",23.0346,81.751
IGATPURI,Vegetables,2016,1,25,Tomato,NASIK,"Plant Protection",RABI,HORTICULTURE,MAHARASHTRA,"ATTACK OF POWDERY MILDEW----","ATTACK OF POWDERY MILDEW---- SPRAY SCORE 10 ML PUMP",19.9613,73.8317
NIPHAD,Vegetables,2016,9,4,Tomato,NASIK,"Plant Protection",KHARIF,HORTICULTURE,MAHARASHTRA,"asked about attack of powdery mildew","Spray Bavistane 25 gm 15 Liter of WaterCarbandazin-Basf",19.9613,73.8317
IGATPURI,Vegetables,2016,9,22,Tomato,NASIK,"Plant Protection",nan,HORTICULTURE,MAHARASHTRA,"Powdery Mildew Attack  on Tomato ","Powdery Mildew Attack  on Tomato -Spray Kavach  25gm  00 52 34 60 gm  microla 30 ml 15 lit water",19.9613,73.8317
DINDORI,Vegetables,2016,10,10,Tomato,NASIK,"Plant Protection",KHARIF,HORTICULTURE,MAHARASHTRA,"ATTACK OF POWDERY MILDEW ON TOMATO ","Spray Amistar 5 ml15 Liter of WaterAzactrostrobin-Syngenta",19.9613,73.8317
SHIRPUR,Vegetables,2016,1,16,Tomato,DHULE,"Plant Protection",nan,HORTICULTURE,MAHARASHTRA,"Powdery Mildew Attack","Spray Redomil Gold 30 gm  humic acid 30 ml 15Lit of Water drainching ",21.1305,74.4901
SHIRPUR,Vegetables,2016,2,4,Tomato,DHULE,"Plant Protection",nan,HORTICULTURE,MAHARASHTRA,"powdery mildew attack","spray actra 5gm  M-45 30gm  15 liter of water",21.1305,74.4901
RAHURI,Vegetables,2016,5,6,Tomato,AHMADNAGAR,"Plant Protection",JAYAD,HORTICULTURE,MAHARASHTRA,"asked about powdery mildew on tomato ","spray natio - 10 gram  15 litre water",19.0744,74.722
NAGAR,Vegetables,2016,8,5,Tomato,AHMADNAGAR,"Plant Protection",nan,HORTICULTURE,MAHARASHTRA,"Attack of Powdery mildew on tomato","SPRAY M 45 30 GM 15 LITER WATERmancozebDow Agro",19.0744,74.722
PATHARDI,Vegetables,2016,8,17,Tomato,AHMADNAGAR,"Plant Protection",nan,HORTICULTURE,MAHARASHTRA,"attack of powdery mildew on tomato","powdery mildew on tomato - spray topaj 15 ml  15 liter of water for tomato",19.0744,74.722
KHANDALA,Vegetables,2016,7,4,Tomato,SATARA,"Plant Protection",nan,HORTICULTURE,MAHARASHTRA,"Attack of  Powdery mildew","Spray Tilt 20 ml15 Liter of WaterPropiconyazol 25EC",17.6361,74.2983
ATPADI,Vegetables,2016,1,30,Tomato,SANGLI,"Plant Protection",KHARIF,HORTICULTURE,MAHARASHTRA,"Powdery Mildew Attack","Spray M-45 30 gm15 Lit of Water",17.1727,74.5868
MADHA,Vegetables,2016,3,24,Tomato,SOLAPUR,"Plant Protection",JAYAD,HORTICULTURE,MAHARASHTRA,"Attack of Powdery Mildew","SPRAY REDOMIL GOLD 30 GM 15 LIET WATER",17.8499,75.2763
MADHA,Vegetables,2016,4,12,Tomato,SOLAPUR,"Plant Protection",JAYAD,HORTICULTURE,MAHARASHTRA,"ATTACK OF POWDERY MILDEW ON TOMATO ","Spray Kavach  25 gm15 Liter of WaterChlorothalonil",17.8499,75.2763
SILLOD,Vegetables,2016,1,9,Tomato,AURANGABAD,"Plant Protection",RABI,HORTICULTURE,MAHARASHTRA,"Attack of Powdery mildew","Spray Kavach  25 gm15 Liter of WaterChlorothalonil-Syngenta",19.8773,75.339
KANAND,Vegetables,2016,4,12,Tomato,AURANGABAD,"Plant Protection",nan,HORTICULTURE,MAHARASHTRA,"asked about powdery mildew on tomato ","Spray Cabriotop 7 gm15 Liter of Water-metiram dithiocarbamateBasf",19.8773,75.339
VAIJAPUR,Vegetables,2016,9,19,Tomato,AURANGABAD,"Plant Protection",KHARIF,HORTICULTURE,MAHARASHTRA,"ATTACK OF POWDERY MILDEW---","ATTACK OF POWDERY MILDEW---SPRAY  19:19:19    60 GRAMS  MICROLA  40 ML  IN 15 LITER OF WATER",19.8773,75.339
GHANSAWANGI,Vegetables,2016,1,23,Tomato,JALNA,"Plant Protection",nan,HORTICULTURE,MAHARASHTRA,"Powdery Mildew Attack","Spray M-45 30 gm15 Lit of Water",19.9188,75.8709
JALNA,Vegetables,2016,3,27,Tomato,JALNA,"Plant Protection",JAYAD,HORTICULTURE,MAHARASHTRA,"Attack of Powdery Mildew","Spray Virosol 30gm15 Lit of Water",19.9188,75.8709
KAIJ,Vegetables,2016,5,30,Tomato,BEED,"Plant Protection",JAYAD,HORTICULTURE,MAHARASHTRA,"Powdery Mildew Attack","Spray Tilt  score  kavach 30gm15lit of Water",18.9918,75.9098
GEORAI,Vegetables,2016,12,1,Tomato,BEED,"Plant Protection",RABI,HORTICULTURE,MAHARASHTRA,"Attack of Powdery mildew","Spray Curzate 25 gm15 Liter of WaterCymoxanilMancozeb-Dupont",18.9918,75.9098
AHEMADPUR,Vegetables,2016,2,25,Tomato,LATUR,"Plant Protection",nan,HORTICULTURE,MAHARASHTRA,"Attack of Powdery MILDEW ON TOMATO ","Spray Amistar 5 ml15 Liter of Water",18.3553,76.7549
AHEMADPUR,Vegetables,2016,4,4,Tomato,LATUR,"Plant Protection",JAYAD,HORTICULTURE,MAHARASHTRA,"ATTACK OF POWDERY MILDEW ON TOMATOM ","Spray Tilt 20 ml15 Liter of WaterPropiconyazol 25EC-Syngenta",18.3553,76.7549
SANGRAMPUR,Vegetables,2016,2,1,Tomato,BULDANA,"Plant Protection",nan,HORTICULTURE,MAHARASHTRA,"Attack of Powdery Mildew","SPRAY REDOMIL GOLD 30 GM 15 LIET WATER",20.5628,76.4087
NANDURA,Vegetables,2016,12,31,Tomato,BULDANA,"Plant Protection",nan,HORTICULTURE,MAHARASHTRA,"powdery mildew","spray topaj 15 ml  15 liter of water for tomato",20.5628,76.4087
HINGNA,Vegetables,2016,9,6,Tomato,NAGPUR,"Plant Protection",nan,HORTICULTURE,MAHARASHTRA,"powdery mildew of tomato ","spray antracol 30 gram  15 liter water",21.1498,79.0821
SAONER,Vegetables,2016,9,21,Tomato,NAGPUR,"Plant Protection",KHARIF,HORTICULTURE,MAHARASHTRA,"ATTACK OF POWDERY MILDEW---","SPRAY  19:19:19 60 GRAMS   BAVISTIN  30 GRAMS IN 15 LITER OF WATER",21.1498,79.0821
THOUBAL,Vegetables,2016,11,6,Tomato,THOUBAL,"Plant Protection",RABI,HORTICULTURE,MANIPUR,"ASKING ABOUT THE POWDERY MILDEW AND THRIPS AND TOMATO","SUGGESTED TO SPRAY MALATHION 50  2MLLT OF WATER  FOR INSECT AND FOR FUNGICIDE SPRAY SULPHUR 80 30GM15 LT OF WATER OR Myclobutanil 10 WP   6GM15 LT OF WATER",24.6252,94.0084
GUDVELLA,Vegetables,2016,7,19,Tomato,BALANGIR,"Plant Protection",nan,HORTICULTURE,ODISHA,"powdery mildew in tomato","powdery mildew in tomato- spray sulfex 4 gm per lit water",20.6095,83.1673
BELPARA,Vegetables,2016,8,10,Tomato,BALANGIR,"Plant Protection",nan,HORTICULTURE,ODISHA,"POWDERY MILDEW","SPRAY SILFEX 3GM IN 1 LITRE WATER",20.6095,83.1673
GANJAM,Vegetables,2016,12,14,Tomato,GANJAM,"Bio-Pesticides and Bio-Fertilizers",nan,HORTICULTURE,ODISHA,"POWDERY MILDEW IN TOMATO PLANT","SPRAY SULFEX 4GM PER 1LTR OF WATER",19.609,84.7081
BADASAHI,Vegetables,2016,12,29,Tomato,MAYURBHANJ,"Plant Protection",nan,HORTICULTURE,ODISHA,"POWDERY MILDEW IN TOMATO","RECOMMENDED TO SPRAY WETTABLE SULPHOR 80WP 4GM1 LITRE WATER TO CONTROL POWDERY MILDEW IN TOMATO",21.9156,86.3962
BONAIGARH,Vegetables,2016,12,24,Tomato,SUNDARGARH,"Plant Protection",RABI,HORTICULTURE,ODISHA,"POWDERY MILDEW IN TOMATO","RECOMMENDED TO SPRAY SULFEX 4GM 1 LIT WATER",22.0605,83.9359
ULLUNDA,Vegetables,2016,4,26,Tomato,SONEPUR,"Plant Protection",JAYAD,HORTICULTURE,ODISHA,"POWDERY MILDEW IN TOMATO","RECOMMENDED TO SPRAY SULPHUR 4GM LIT WATER FOR CONTROL OF POWDERY MILDEW IN TOMATO",20.8454,83.9091
RAJKANIKA,Vegetables,2016,12,25,Tomato,KENDRAPARA,"Bio-Pesticides and Bio-Fertilizers",nan,HORTICULTURE,ODISHA,"powdery mildew in tomato","spray sulfex 4gram in 1ltr water",20.5475,86.5296
PAPADAHANDI,Vegetables,2016,2,16,Tomato,NAWORANGPUR,"Plant Protection",nan,HORTICULTURE,ODISHA,"POWDERY MILDEW IN TOMATO","POWDERY MILDEW IN TOMATO-SPRAY SULFEX 4G PER LITRE WATER",20.5431,84.6897
PALAKKODU,Vegetables,2016,12,14,Tomato,DHARMAPURI,"Plant Protection",RABI,HORTICULTURE,TAMILNADU,"asking about powdery mildew management in tomato","recommended for wettable Sulphur 2 gram 1 litre of water",12.1456,78.1132
ANDIYUR,Vegetables,2016,10,5,Tomato,ERODE,"Plant Protection",KHARIF,HORTICULTURE,TAMILNADU,"powdery mildew in  tomato","recommended for the spray  wettable Sulphur 2gm lit of water",11.4905,77.3505
ARIMALAM,Vegetables,2016,4,10,Tomato,PUDUKKOTTAI,"Plant Protection",JAYAD,HORTICULTURE,TAMILNADU,"Powdery mildew in tomato","recommended for spray carbendazim 2 gm  lit",10.2903,78.8174
VEDASANDUR,Vegetables,2016,3,6,Tomato,DINDIGUL,"Plant Protection",RABI,HORTICULTURE,TAMILNADU,"Tomato in powdery mildew","Recommended for spray wettable sulphur 3 gram liter of water",10.4257,77.8157
KRISHNAGIRI,Vegetables,2016,2,1,Tomato,KRISHNAGIRI,"Plant Protection",RABI,HORTICULTURE,TAMILNADU,"powdery mildew management in tomato","recommended for mancozeb 2 gram 1 litre of water",12.5152,78.0094
THALLY,Vegetables,2016,10,19,Tomato,KRISHNAGIRI,"Plant Protection",KHARIF,HORTICULTURE,TAMILNADU,"asking about Powdery mildew in Tomato","Recommended for spray carbendazim 2gm  litre of water",12.5152,78.0094
KAVERIPATTINAM,Vegetables,2016,11,18,Tomato,KRISHNAGIRI,"Plant Protection",RABI,HORTICULTURE,TAMILNADU,"Powdery mildew in mango","recommended for the spray  Wettable sulphur 2 mllit of water",12.5152,78.0094
KAIMGANJ,Vegetables,2016,2,20,Tomato,FARRUKHABAD,"Plant Protection",RABI,HORTICULTURE,"UTTAR PRADESH","powdery mildew in tomato ","Metalaxyl-8  Mancozeb-64 WP ka proyog 300-500 gmacre kare",27.4362,79.4895
PATASHPUR-I,Vegetables,2016,4,11,Tomato,"EAST MEDINIPUR","Plant Protection",RABI,HORTICULTURE,"WEST BENGAL","CONTROL OF POWDERY MILDEW IN TOMATO","RECOMMENDED FOR SPRAY  CARBENDAZIM 50 WP  1 GM   LIT OF WATER",22.2906,87.9159
PAKYONG,Vegetables,2016,5,4,Tomato,"EAST DISTRICT","Plant Protection",JAYAD,HORTICULTURE,SIKKIM,"ASKING ABOUT CONTROL OF POWDERY MILDEW IN TOMATO","RECOMMENDED TO APPLY SULFEX5GRAMLTR OF WATER AT THE INTERVAL OF 14 DAYS FOR 2 -3 TIMES",27.601,88.4541
DHAMDHA,Vegetables,2016,10,19,Tomato,DURG,"Plant Protection",KHARIF,HORTICULTURE,CHHATTISGARH,"Farmer needs information regarding How to control of powdery mildew in tomato crop","Powdery mildew can be spraying Wettable sulphur 3 glit or Carbendazim 1 glit Totally 3 sprays are required at 15 days interval from the first appearance of symptom",21.1983,81.4008
BALODA,Vegetables,2016,2,20,Tomato,JANJGIR-CHAMPA,"Plant Protection",RABI,HORTICULTURE,CHHATTISGARH,"Farmer wants to know information about How to control of powdery mildew attack in tomato crop","Recommended  for to control of powdery mildew attack in tomato crop 20 K G Sulfur powder or  Dainokep Kerathen 30 LC 750 ml  Consisting of water spray per ha ",21.9864,82.5537
SAJA,Vegetables,2016,11,28,Tomato,Bemetara,"Plant Protection",RABI,HORTICULTURE,CHHATTISGARH,"Farmer needs information regarding powdery mildewin tomato  crop","Spray of Myclobutanil 10 WP  6 grampump  for powdery mildew",21.6784,81.4413
SAJA,Vegetables,2016,11,28,Tomato,Bemetara,"Plant Protection",RABI,HORTICULTURE,CHHATTISGARH,"Farmer needs information regarding powdery mildew attack in   crop","Recommended for to control of powdery mildew attack in mustard  crop 20 Kg Sulfur powder or Dainokep Kerathen 30 LC  30 ml pump or 750 ml  Consisting of water spray per ha ",21.6784,81.4413
GIRIDIH,Vegetables,2016,4,23,Tomato,GIRIDIH,"Plant Protection",nan,HORTICULTURE,JHARKAND,"Powdery mildew","Spray mencozeb  2gmlit of water",24.3315,86.1548
RAMNAGAR,Vegetables,2016,1,31,Tomato,NAINITAL,"Plant Protection",RABI,HORTICULTURE,UTTARAKHAND,"Powdery mildew","For controlling powdery mildew spray Wettable sulphur 2 glit or dust Sulphur at 25 kghactayer",29.3905,79.4609
PENPAHAD,Vegetables,2016,3,1,Tomato,SURYAPET,"Plant Protection",nan,HORTICULTURE,TELANGANA,"TOMATO POWDERY MILDEW","RECOMMENDED TO SPRAY DINOCAP 400 GRAMS PER ACRE",17.08,79.7925
MOTHKUR,Vegetables,2016,4,3,Tomato,"YADADRI BHUVANAGIRI","Plant Protection",nan,HORTICULTURE,TELANGANA,"tomato powdery mildew management","recommended for spray dinocap 400 ml acre",17.4282,79.0905
ALUR,Vegetables,2017,1,14,Tomato,KURNOOL,"Plant Protection",nan,HORTICULTURE,"ANDHRA PRADESH","tomato powdery mildew management","recommended to spray ajaksi strobin 200 milli literacre",15.8309,78.0425
ADONI,Vegetables,2017,9,3,Tomato,KURNOOL,"Plant Protection",KHARIF,HORTICULTURE,"ANDHRA PRADESH","TOMATO POWDERY MILDEW","RECOMMENDED TO SPRAY AZOXYSTROBIN  150 ML 200 LITRES OF WATER ACRE",15.8309,78.0425
KALYANDRUG,Vegetables,2017,1,11,Tomato,ANANTPUR,"Plant Protection",nan,HORTICULTURE,"ANDHRA PRADESH","TOMATO POWDERY MILDEW MANAGEMENT","TOMATO POWDERY MILDEW MANAGEMENT : RECOMMENDED TO SPRAY INDEX 200 ML PER ACRE",13.5747,78.5029
BELUGUPPA,Vegetables,2017,1,17,Tomato,ANANTPUR,"Plant Protection",nan,HORTICULTURE,"ANDHRA PRADESH","TOMATO POWDERY MILDEW MANAGEMENT","TOMATO POWDERY MILDEW MANAGEMENT : RECOMMENDED TO SPRAY DINOCAP  200 ML OR MYCLOBUTANI 100 GRAMS200 LITRES OF WATER  ACRE",13.5747,78.5029
PEDDAPAPPUR,Vegetables,2017,1,30,Tomato,ANANTPUR,"Plant Protection",nan,HORTICULTURE,"ANDHRA PRADESH","powdery mildew  in tomato","RECOMMENDED TO SPRAY DINOCAP  200 ML 200 LITRES OF WATER  ACRE",13.5747,78.5029
GORANTLA,Vegetables,2017,2,2,Tomato,ANANTPUR,"Plant Protection",nan,HORTICULTURE,"ANDHRA PRADESH","TOMATO POWDERY MILDEW MANAGEMENY","TOMATO POWDERY MILDEW MANAGEMENY: RECOMMENDED FOR SPRAY DINOCAP 1 ML1 LITER OF WATER",13.5747,78.5029
TADIMARRI,Vegetables,2017,2,13,Tomato,ANANTPUR,"Plant Protection",nan,HORTICULTURE,"ANDHRA PRADESH","POWDERY MILDEW MANAGEMENT IN TOMATO","RECOMMENDED TO SPRAY DINOCAP  200 ML 200 LITRES OF WATER  ACRE",13.5747,78.5029
GUMMAGATTA,Vegetables,2017,2,19,Tomato,ANANTPUR,"Plant Protection",nan,HORTICULTURE,"ANDHRA PRADESH","TOMATO POWDERY MILDEW CONTROL","RECOMMENDED TO SPRAY DINOCAP  200 ML 200 LITRES OF WATER  ACRE",13.5747,78.5029
KANAGANAPALLE,Vegetables,2017,3,15,Tomato,ANANTPUR,"Plant Protection",nan,HORTICULTURE,"ANDHRA PRADESH","TOMATO POWDERY MILDEW MANAGEMENT","RECOMMENDED TO SPRAY DINOCAP 400 ML PER ACRE",13.5747,78.5029
KUNDURPI,Vegetables,2017,3,15,Tomato,ANANTPUR,"Plant Protection",nan,HORTICULTURE,"ANDHRA PRADESH","TOMATO POWDERY MILDEW MANAGEMENT","RECOMMENDED TO SPRAY DINOCAP  200 ML 200 LITERS OF WATER  ACRE",13.5747,78.5029
KUNDURPI,Vegetables,2017,3,15,Tomato,ANANTPUR,"Plant Protection",nan,HORTICULTURE,"ANDHRA PRADESH","TOMATO POWDERY MILDEW MANAGEMENT","RECOMMENDED TO SPRAY DINOCAP  200 ML 200 LITERS OF WATER  ACRE",13.5747,78.5029
PEDDAVADUGUR,Vegetables,2017,3,16,Tomato,ANANTPUR,"Plant Protection",nan,HORTICULTURE,"ANDHRA PRADESH","powdery mildew in tomato","powdery mildew in tomatoRECOMMENDED TO SPRAY AZOXYSTROBIN  150 ML 200 LITERS OF WATER ACRE",13.5747,78.5029
BELUGUPPA,Vegetables,2017,3,17,Tomato,ANANTPUR,"Plant Protection",nan,HORTICULTURE,"ANDHRA PRADESH","TOMATO POWDERY MILDEW","RECOMMENDED TO SPRAY DINOCAP  200 ML 200 LITRES OF WATER  ACRE",13.5747,78.5029
KALYANDRUG,Vegetables,2017,3,17,Tomato,ANANTPUR,"Plant Protection",nan,HORTICULTURE,"ANDHRA PRADESH","tomato powdery mildew management","RECOMMENDED TO SPRAY   TEBUCONAZOLE  TRIFLOXYSTROBIN  160 GRAMS 200 LITRES OF WATER ACRE",13.5747,78.5029
GUMMAGATTA,Vegetables,2017,4,14,Tomato,ANANTPUR,"Plant Protection",nan,HORTICULTURE,"ANDHRA PRADESH","TOMATO POWDERY MILDEW  SUCKING PEST MANAGEMENT","RECOMMENDED TO SPRAY DINOCAP  400 ML 200 LITRES OF WATER  ACRE   RECOMMENDED TO SPRAY THIAMETHOXAM 40 GRAMS 200 LITRES OF WATER  ACRE",13.5747,78.5029
KALYANDRUG,Vegetables,2017,6,4,Tomato,ANANTPUR,"Plant Protection",nan,HORTICULTURE,"ANDHRA PRADESH","TOMATO POWDERY MILDEW MANAGEMENT","RECOMMENDED TO SPRAY DINOCAP  200 ML 200 LITRES OF WATER  ACRE",13.5747,78.5029
AMADAGUR,Vegetables,2017,6,30,Tomato,ANANTPUR,"Plant Protection",nan,HORTICULTURE,"ANDHRA PRADESH","TOMATO POWDERY MILDEW CONTROL","RECOMMENDED TO SPRAY DINOCAP  200 ML 200 LITRES OF WATER  ACRE",13.5747,78.5029
AMARAPURAM,Vegetables,2017,7,12,Tomato,ANANTPUR,"Plant Protection",KHARIF,HORTICULTURE,"ANDHRA PRADESH","TOMATO POWDERY MILDEW MANAGEMENT","RECOMMENDED TO SPRAY DINOCAP 400 ML PER ACRE",13.5747,78.5029
BELUGUPPA,Vegetables,2017,7,13,Tomato,ANANTPUR,"Plant Protection",nan,HORTICULTURE,"ANDHRA PRADESH","TOMATO POWDERY MILDEW MANAGEMENT","RECOMMENDED TO SPRAY DINOCAP  200 ML 200 LITERS OF WATER  ACRE",13.5747,78.5029
GUMMAGATTA,Vegetables,2017,7,21,Tomato,ANANTPUR,"Plant Protection",nan,HORTICULTURE,"ANDHRA PRADESH","TOMATO POWDERY MILDEW MANAGEMENT","RECOMMENDED TO SPRAY DINOCAP  200 ML 200 LITRES OF WATER  ACRE",13.5747,78.5029
GUMMAGATTA,Vegetables,2017,7,26,Tomato,ANANTPUR,"Plant Protection",nan,HORTICULTURE,"ANDHRA PRADESH","TOMATO POWDERY MILDEW MANAGEMENT","TOMATO POWDERY MILDEW MANAGEMENT :RECOMMENDED TO SPRAY CARBENDAZIM   200  GRAMS  200 LITRES OF WATER ACRE",13.5747,78.5029
BATHALAPALLE,Vegetables,2017,8,14,Tomato,ANANTPUR,"Plant Protection",nan,HORTICULTURE,"ANDHRA PRADESH","TOMATO POWDERY MILDEW MANAGEMENT :","TOMATO POWDERY MILDEW MANAGEMENT :RECOMMENDED TO SPRAY DINOCAP  200 ML 200 LITRES OF WATER  ACRE",13.5747,78.5029
RAMAGIRI,Vegetables,2017,8,16,Tomato,ANANTPUR,"Plant Protection",nan,HORTICULTURE,"ANDHRA PRADESH","TOMATO POWDERY MILDEW MANAGEMENT","RECOMMENDED TO SPRAY DINOCAP  200 ML 200 LITRES OF WATER  ACRE",13.5747,78.5029
CHENNEKOTHAPALLE,Vegetables,2017,8,25,Tomato,ANANTPUR,"Plant Protection",nan,HORTICULTURE,"ANDHRA PRADESH","tomato powdery mildew","RECOMMENDED TO SPRAY DINOCAP  200 ML 200 LITERS OF WATER  ACRE",13.5747,78.5029
BUKKARAYASAMUDRAM,Vegetables,2017,10,27,Tomato,ANANTPUR,"Plant Protection",nan,HORTICULTURE,"ANDHRA PRADESH","tomato powdery mildew management","tomato powdery mildew managementRECOMMENDED TO SPRAY DINOCAP  200 ML 200 LITRES OF WATER  ACRE",13.5747,78.5029
KALYANDRUG,Vegetables,2017,11,11,Tomato,ANANTPUR,"Plant Protection",nan,HORTICULTURE,"ANDHRA PRADESH","TOMATO POWDERY MILDEW","RECOMMENDED TO SPRAY DINOCAP  400 ML 200 LITRES OF WATER  ACRE   RECOMMENDED TO SPRAY  WATER SOLUBLE SULPHUR  600 GRAMS200 LITRES OF WATER  ACRE",13.5747,78.5029
BELUGUPPA,Vegetables,2017,11,13,Tomato,ANANTPUR,"Plant Protection",KHARIF,HORTICULTURE,"ANDHRA PRADESH","TOMATO POWDERY MILDEW MANAGEMENT","RECOMMENDED TO SPRAY DINOCAP 400 ML PER ACRE",13.5747,78.5029
PAKALA,Vegetables,2017,3,28,Tomato,CHITTOOR,"Plant Protection",nan,HORTICULTURE,"ANDHRA PRADESH","TOMATO POWDERY MILDEW CONTROL","RECOMMENDED TO SPRAY DINOCAP  400 ML 200 LITRES OF WATER  ACRE",13.2026,79.0032
KALIKIRI,Vegetables,2017,4,7,Tomato,CHITTOOR,"Plant Protection",JAYAD,HORTICULTURE,"ANDHRA PRADESH","powdery mildew on tomato","RECOMMENDED TO SPRAY  DIFENOCONAZOLE   100 ML 200 LITRES OF WATER ACRE",13.2026,79.0032
BKOTHAKOTA,Vegetables,2017,4,26,Tomato,CHITTOOR,"Plant Protection",nan,HORTICULTURE,"ANDHRA PRADESH","tomato powdery mildew control","RECOMMENDED TO SPRAY DINOCAP  400 ML 200 LITRES OF WATER  ACRE",13.2026,79.0032
BKOTHAKOTA,Vegetables,2017,4,26,Tomato,CHITTOOR,"Plant Protection",nan,HORTICULTURE,"ANDHRA PRADESH","tomato powdery mildew control","RECOMMENDED TO SPRAY DINOCAP  400 ML 200 LITRES OF WATER  ACRE",13.2026,79.0032
KALAKADA,Vegetables,2017,4,26,Tomato,CHITTOOR,"Plant Protection",nan,HORTICULTURE,"ANDHRA PRADESH","tomato powdery mildew management","RECOMMENDED TO SPRAY DINOCAP  400 ML 200 LITRES OF WATER  ACRE",13.2026,79.0032
MADANAPALLE,Vegetables,2017,5,23,Tomato,CHITTOOR,"Plant Protection",nan,HORTICULTURE,"ANDHRA PRADESH","tomato powdery mildew management","RECOMMENDED TO SPRAY DINOCAP  400 ML 200 LITRES OF WATER  ACRE",13.2026,79.0032
CHITTOOR,Vegetables,2017,6,1,Tomato,CHITTOOR,"Plant Protection",nan,HORTICULTURE,"ANDHRA PRADESH","POWDERY MILDEW MANAGEMENT IN TOMATO","RECOMMENDED TO SPRAY TEBUCONAZOLE   400 GRAMS 200 LITRES OF WATER  ACRE",13.2026,79.0032
KURABALAKOTA,Vegetables,2017,6,1,Tomato,CHITTOOR,"Plant Protection",nan,HORTICULTURE,"ANDHRA PRADESH","POWDERY MILDEW  IN TOMATO","RECOMMENDED TO SPRAY DINOCAP  200 ML 200 LITRES OF WATER  ACRE",13.2026,79.0032
PITCHATUR,Vegetables,2017,6,3,Tomato,CHITTOOR,"Plant Protection",nan,HORTICULTURE,"ANDHRA PRADESH","TOMATO POWDERY MILDEW CONTROL","RECOMMENDED TO SPRAY DINOCAP 400 ML PER ACRE",13.2026,79.0032
PITCHATUR,Vegetables,2017,6,3,Tomato,CHITTOOR,"Plant Protection",nan,HORTICULTURE,"ANDHRA PRADESH","TOMATO POWDERY MILDEW MANAGEMENT","TOMATO POWDERY MILDEW MANAGEMENT  :RECOMMENDED TO SPRAY DINOCAP  200 ML 200 LITERS OF WATER  ACRE",13.2026,79.0032
SOMALA,Vegetables,2017,6,14,Tomato,CHITTOOR,"Plant Protection",KHARIF,HORTICULTURE,"ANDHRA PRADESH","TOMATO POWDERY MILDEW MANAGEMENT","RECOMMENDED TO SPRAY HEXACONAZOLE 400 ML PER ACRE",13.2026,79.0032
PEDDAPANJANI,Vegetables,2017,7,4,Tomato,CHITTOOR,"Agriculture Mechanization",nan,HORTICULTURE,"ANDHRA PRADESH","tomato leaf minor  powdery mildew management","RECOMMENDED TO SPRAY DICHLOROVAS  250 ML   ACRE  RECOMMENDED TO SPRAY DINOCAP  400 ML  ACRE",13.2026,79.0032
GANGAVARAM,Vegetables,2017,7,6,Tomato,CHITTOOR,"Plant Protection",nan,HORTICULTURE,"ANDHRA PRADESH","powdery mildew in tomato","powdery mildew in tomato RECOMMENDED TO SPRAY AZOXYSTROBIN  150 ML 200 LITRES OF WATER ACRE",13.2026,79.0032
PEDDAPANJANI,Vegetables,2017,7,20,Tomato,CHITTOOR,"Plant Protection",nan,HORTICULTURE,"ANDHRA PRADESH","tomato powdery mildew","RECOMMENDED TO SPRAY DINOCAP  200 ML 200 LITRES OF WATER  ACRE",13.2026,79.0032
GOMARIGURI,Vegetables,2017,5,4,Tomato,GOLAGHAT,"Plant Protection",nan,HORTICULTURE,ASSAM,"ASKING ABOUT THE CONTROL OF POWDERY MILDEW IN TOMATO","TOLD HIM TO SPRAY SAAF  2GM  L OF WATER",26.5108,93.9744
CHAMBA,Vegetables,2017,9,9,Tomato,CHAMBA,"Plant Protection",nan,HORTICULTURE,"HIMACHAL PRADESH","control powdery mildew of pea  ","control powdery mildew of pea is spray Kerathen  05mlliter of water",32.6923,76.1632
"DEHRA GOPIPUR",Vegetables,2017,4,8,Tomato,KANGRA,"Plant Protection",nan,HORTICULTURE,"HIMACHAL PRADESH","control powdery mildew of pea ","control powdery mildew of pea is spray Kerathen  05mlliter of water",32.0769,76.2986
KARSOG,Vegetables,2017,6,19,Tomato,MANDI,"Plant Protection",nan,HORTICULTURE,"HIMACHAL PRADESH","CONTROL POWDERY MILDEW OF TOMATO ","CONTROL POWDERY MILDEW OF TOMATO IS SPRAY HEXACONOZOL  05ML PER LITER OF WATER",31.6517,77.0093
KARSOG,Vegetables,2017,8,28,Tomato,MANDI,"Plant Protection",nan,HORTICULTURE,"HIMACHAL PRADESH","control powdery mildew of pea ","control powdery mildew of pea is spray Kerathen  05mlliter of water",31.6517,77.0093
PACHHAD,Vegetables,2017,6,28,Tomato,SIRMAUR,"Plant Protection",nan,HORTICULTURE,"HIMACHAL PRADESH","control powdery mildew of pea","control powdery mildew of pea is spray Kerathen  05mlliter of water",30.6991,77.4465
RAJGARH,Vegetables,2017,6,30,Tomato,SIRMAUR,"Plant Protection",nan,HORTICULTURE,"HIMACHAL PRADESH","CONTROL POWDERY MILDEW OF TOMATO ","CONTROL POWDERY MILDEW OF TOMATO IS SPRAY HEXACONOZOL  05ML PER LITER OF WATER",30.6991,77.4465
SHILLAI,Vegetables,2017,9,5,Tomato,SIRMAUR,"Plant Protection",nan,HORTICULTURE,"HIMACHAL PRADESH","control powdery mildew of pea ","spray Kerathen  05mlliter of water",30.6991,77.4465
DHARAMPUR,Vegetables,2017,4,23,Tomato,SOLAN,"Plant Protection",nan,HORTICULTURE,"HIMACHAL PRADESH","how to control powdery mildew in pea ","how to control powdery mildew in pea  Spray kerathane  05 ml per liter water",30.9078,77.1024
KUNIHAR,Vegetables,2017,5,25,Tomato,SOLAN,"Plant Protection",nan,HORTICULTURE,"HIMACHAL PRADESH","control powdery mildew of pea ","control powdery mildew of pea is spray Kerathen  05mlliter of water",30.9078,77.1024
KANDAGHAT,Vegetables,2017,5,25,Tomato,SOLAN,"Plant Protection",nan,HORTICULTURE,"HIMACHAL PRADESH","CONTROL POWDERY MILDEW OF TOMATO ","CONTROL POWDERY MILDEW OF TOMATO IS SPRAY HEXACONOZOL  05ML PER LITER OF WATER",30.9078,77.1024
NALAGARH,Vegetables,2017,6,25,Tomato,SOLAN,"Plant Protection",nan,HORTICULTURE,"HIMACHAL PRADESH","control powdery mildew of cucumber ","control powdery mildew of cucumber is spray Kerathen  05mlliter of water",30.9078,77.1024
SOLAN,Vegetables,2017,6,27,Tomato,SOLAN,"Plant Protection",KHARIF,HORTICULTURE,"HIMACHAL PRADESH","control powdery mildew of pea is spray Kerathen  05mlliter of water","control powdery mildew of pea is spray Kerathen  05mlliter of water",30.9078,77.1024
KUNIHAR,Vegetables,2017,8,27,Tomato,SOLAN,"Plant Protection",nan,HORTICULTURE,"HIMACHAL PRADESH","control powdery mildew of pea","control powdery mildew of pea is spray Kerathen  05mlliter of water",30.9078,77.1024
UNA,Vegetables,2017,8,16,Tomato,UNA,"Plant Protection",nan,HORTICULTURE,"HIMACHAL PRADESH","control powdery mildew of pea ","control powdery mildew of pea is spray Kerathen  05mlliter of water         05         ",31.5835,76.2351
BANGANA,Vegetables,2017,9,13,Tomato,UNA,"Plant Protection",nan,HORTICULTURE,"HIMACHAL PRADESH","control powdery mildew of pea ","control powdery mildew of pea is spray Kerathen  05mlliter of water",31.5835,76.2351
HAGARIBOMMANAHALLI,Vegetables,2017,3,6,Tomato,BELLARY,"Plant Protection",nan,HORTICULTURE,KARNATAKA,"ASKING FOR TOMATO POWDERY MILDEW CONTROL","RECOMMENDED:SPRAY WETTABLE SULPHUR 2GMLITRE",15.1434,76.9194
KUDLIGI,Vegetables,2017,3,18,Tomato,BELLARY,"Plant Protection",JAYAD,HORTICULTURE,KARNATAKA,"POWDERY MILDEW OF TOMATO","POWDERY MILDEW OF TOMATO    Spray 30 g Wettable sulphur 80WPOR    10g Dinocap 45WPOR    10 ml Hexaconazole in a lit water",15.1434,76.9194
KUDLIGI,Vegetables,2017,7,16,Tomato,BELLARY,"Plant Protection",KHARIF,HORTICULTURE,KARNATAKA,"POWDERY MILDEW MANAGEMENT IN TOMATO","POWDERY MILDEW MANAGEMENT IN TOMATOSPRAY WETTABLE SULPHUR  3 GL OF WATER",15.1434,76.9194
"BASAVANA BAGEWADI",Vegetables,2017,4,17,Tomato,BIJAPUR,"Plant Protection",nan,HORTICULTURE,KARNATAKA,"asked for tomato powdery mildew","recommended:-Spray 30 g Wettable sulphur 80WP",16.827,75.7175
BIJAPUR,Vegetables,2017,7,20,Tomato,BIJAPUR,"Plant Protection",nan,HORTICULTURE,KARNATAKA,"powdery mildew ","Spray 30 g Wettable sulphur 80WP  imidachloprid 3ml in 10 liter vegetable special 2ml in 1 liter water",16.827,75.7175
BIJAPUR,Vegetables,2017,12,16,Tomato,BIJAPUR,"Plant Protection",nan,HORTICULTURE,KARNATAKA,"ASKING ABOUT POWDERY MILDEW MANAGEMENT IN TOMATO","Spray 30 g Wettable sulphur 80WP OR10g Dinocap 45WPOR10 ml Hexaconazole in a lit water",16.827,75.7175
HIRIYUR,Vegetables,2017,3,11,Tomato,CHITRADURGA,"Plant Protection",JAYAD,HORTICULTURE,KARNATAKA,"POWDERY MILDEW OF TOMATO","POWDERY MILDEW OF TOMATOSpray 30 g Wettable sulphur 80WPOR10g Dinocap 45WPOR10 ml Hexaconazole in a lit water",14.3049,76.5297
HOLALKERE,Vegetables,2017,7,9,Tomato,CHITRADURGA,"Plant Protection",nan,HORTICULTURE,KARNATAKA,"powdery mildew","pray 30 g Wettable sulphur 80WP",14.3049,76.5297
HIRIYUR,Vegetables,2017,7,10,Tomato,CHITRADURGA,"Plant Protection",nan,HORTICULTURE,KARNATAKA,"asked for powdery mildew","Spray 30 g Wettable sulphur 80WP OR    10g Dinocap 45WPOR    10 ml Hexaconazole in a lit water",14.3049,76.5297
ARSIKERE,Vegetables,2017,3,15,Tomato,HASSAN,"Plant Protection",nan,HORTICULTURE,KARNATAKA,"asking for powdery mildew management in tomato","suggested to spray Spray 30 g Wettable sulphur 80WP",13.0302,76.1745
ARSIKERE,Vegetables,2017,3,15,Tomato,HASSAN,"Plant Protection",nan,HORTICULTURE,KARNATAKA,"ASKED FOR:TOMATO POWDERY MILDEW","ASKED FOR:TOMATO POWDERY MILDEW RECOMMENDATION:SPRAY WETTABLE SULPHUR 2MLLT OF WATER",13.0302,76.1745
BELUR,Vegetables,2017,4,25,Tomato,HASSAN,"Plant Protection",nan,HORTICULTURE,KARNATAKA,"ASKING FOR TOMATO POWDERY MILDEW","RECOMMENDED:SPRAY WETTABLE SULPHUR 3GMLITRE",13.0302,76.1745
ARSIKERE,Vegetables,2017,6,14,Tomato,HASSAN,"Plant Protection",KHARIF,HORTICULTURE,KARNATAKA,"QUERY ABOUT Powdery mildew MANAGEMENT IN TOMATO","QUERY ABOUT Powdery mildew MANAGEMENT IN TOMATO  RECOMMENDED TO  Spray 30 g Wettable sulphur 80WP OR    10g Dinocap 45WP",13.0302,76.1745
BHADRAVATI,Vegetables,2017,2,1,Tomato,SHIMOGA,"Plant Protection",nan,HORTICULTURE,KARNATAKA,"Powdery mildew in tomato","Spray 30 g Wettable sulphur 80WP OR 10g Dinocap 45WP",14.0557,75.2381
CHIKNAYAKANHALLI,Vegetables,2017,2,19,Tomato,TUMKUR,"Plant Protection",nan,HORTICULTURE,KARNATAKA,"ASKING  FOR TOMATO POWDERY MILDEW","RECOMMENDED:- Spray 30 g Wettable sulphur 80WPltr of water",13.3401,77.1006
PAVAGADA,Vegetables,2017,8,11,Tomato,TUMKUR,"Plant Protection",nan,HORTICULTURE,KARNATAKA,"ASKING FOR POWDERY MILDEW CONTROL","RECOMMENDED TO SPRAY MANCOZEB 2GMLITRE",13.3401,77.1006
YELANDUR,Vegetables,2017,7,2,Tomato,CHAMARAJANAGAR,"Plant Protection",nan,HORTICULTURE,KARNATAKA,"powdery mildew","Spray 30 g Wettable sulphur",11.9544,77.1069
GUNDLUPET,Vegetables,2017,10,20,Tomato,CHAMARAJANAGAR,"Plant Protection",JAYAD,HORTICULTURE,KARNATAKA,"POWDERY MILDEW MANAGEMENT IN TOMATO","POWDERY MILDEW MANAGEMENT IN TOMATO    Spray 30 g Wettable sulphur 80WP OR    10g Dinocap 45WP",11.9544,77.1069
JAGALUR,Vegetables,2017,12,3,Tomato,DAVANAGERE,"Plant Protection",nan,HORTICULTURE,KARNATAKA,"ASKING ABOUT POWDERY MILDEW MANAGEMENT IN TOMATO","SUGGESTED TO SPRAY DIOPHENNATE METHYL 70 WP  1 GRAM PER LITRE OF WATER AND CALCIUM NITRATE  1 KG PER ACRE",14.2559,75.8303
BYADGI,Vegetables,2017,3,10,Tomato,HAVERI,"Plant Protection",nan,HORTICULTURE,KARNATAKA,"ASKING ABOUT POWDERY MILDEW MANAGEMENT","RECOMMENDED- SPRAY CARBENDIZIUM 1GML OF WATER",14.718,75.3656
RANEBENNUR,Vegetables,2017,3,27,Tomato,HAVERI,"Plant Protection",nan,HORTICULTURE,KARNATAKA,"ASKING FOR  Powdery mildew IN TOMATO","RECOMMENDATION-Spray 30 g Wettable sulphur 80WP OR10g Dinocap 45WPOR10 ml Hexaconazole in a lit water",14.718,75.3656
Chintamani,Vegetables,2017,7,18,Tomato,CHIKKABALLAPUR,"Plant Protection",KHARIF,HORTICULTURE,KARNATAKA,"Powdery mildew MANAGEMENT IN TOMATO","Powdery mildew MANAGEMENT IN TOMATO    Spray 30 g Wettable sulphur 80WP OR    10g Dinocap 45WPOR    10 ml Hexaconazole in a lit water",13.0994,77.3887
Bagepalli,Vegetables,2017,7,19,Tomato,CHIKKABALLAPUR,"Plant Protection",nan,HORTICULTURE,KARNATAKA,"asked for Powdery mildew in tomato","Spray 30 g Wettable sulphur 80WP OR10g Dinocap 45WPOR10 ml Hexaconazole in a lit water",13.0994,77.3887
MALEGAON,Vegetables,2017,2,5,Tomato,NASIK,"Plant Protection",RABI,HORTICULTURE,MAHARASHTRA,"attack of powdery mildew on tomato ","spray sulphar 30 gm  15 litter of water for controlling powdery mildew on tomato",19.9613,73.8317
IGATPURI,Vegetables,2017,3,17,Tomato,NASIK,"Plant Protection",nan,HORTICULTURE,MAHARASHTRA,"POWDERY MILDEW CONTROL ON TOMATO CROP","YOU CAN SPRAY KAVCH 20 GRAM SCOR 5 MILI PAMP WATER USE FOR POWDERY MILDEW CONTROL ON TOMATO CROP",19.9613,73.8317
IGATPURI,Vegetables,2017,4,1,Tomato,NASIK,"Plant Protection",JAYAD,HORTICULTURE,MAHARASHTRA,"POWDERY MILDEW ON TOMATO ","Spray Amistar 5 ml15 Liter of WaterAzoxystrobin 250 EC -Syngenta",19.9613,73.8317
DEOLA,Vegetables,2017,4,18,Tomato,NASIK,"Plant Protection",RABI,HORTICULTURE,MAHARASHTRA,"POWDERY MILDEW ","Spray Score  8 mlKavach  16 gm15 Liter of Water Difenconyazol 25EC-Syngenta",19.9613,73.8317
KALWAN,Vegetables,2017,4,23,Tomato,NASIK,"Plant Protection",nan,HORTICULTURE,MAHARASHTRA,"Powdery Mildew Attack","Spray Tilt 30gm15 Lit of Water",19.9613,73.8317
NIPHAD,Vegetables,2017,9,20,Tomato,NASIK,"Plant Protection",KHARIF,HORTICULTURE,MAHARASHTRA,"ASKED ABOUT ATTACK OF POWDERY MILDEW ON TOMATO ","FOR CONTROL  OF POWDERY MILDEW ON TOMATO  SPRAY SAAF 30 GM  15 LITERS OF WATER Carbendazim 12  Mancozeb 63 WP  UPL",19.9613,73.8317
SANGAMNER,Vegetables,2017,4,27,Tomato,AHMADNAGAR,"Plant Protection",nan,HORTICULTURE,MAHARASHTRA,"powdery mildew in tomato","powdery mildew in tomato - spray tilt 10 ml  15 lit water",19.0744,74.722
SANGAMNER,Vegetables,2017,5,5,Tomato,AHMADNAGAR,"Plant Protection",KHARIF,HORTICULTURE,MAHARASHTRA,"POWDERY MILDEW ","Spray Folicure 07 mlAmistar 5 ml15 Liter of WaterTebuconyazol BAYER CROP SCIENCE",19.0744,74.722
RAHURI,Vegetables,2017,5,8,Tomato,AHMADNAGAR,"Plant Protection",JAYAD,HORTICULTURE,MAHARASHTRA,"asked about attack of powdery mildew","Spread mixed with dithane M45 25 to 30 grams in 10 liters of water Spraying should be made at intervals of 10-15 days",19.0744,74.722
AKOLE,Vegetables,2017,5,12,Tomato,AHMADNAGAR,"Plant Protection",JAYAD,HORTICULTURE,MAHARASHTRA,"POWDERY MILDEW ON TOMATO ","Spray Natio 06 gm15 Liter of Water Tebuconyazol 50 Trifloxystrobin 25 -BAYER CROP SCIENCE",19.0744,74.722
JUNNAR,Vegetables,2017,4,17,Tomato,PUNE,"Plant Protection",RABI,HORTICULTURE,MAHARASHTRA,"POWDERY MILDEW ","Spray Score  8 ml15 Liter of Water Difenconyazol 25EC-Syngenta",18.5214,73.8545
JUNNAR,Vegetables,2017,4,17,Tomato,PUNE,"Plant Protection",RABI,HORTICULTURE,MAHARASHTRA,"POWDERY MILDEW ","Spray Score  8 ml15 Liter of Water Difenconyazol 25EC-Syngenta",18.5214,73.8545
JUNNAR,Vegetables,2017,5,1,Tomato,PUNE,"Plant Protection",KHARIF,HORTICULTURE,MAHARASHTRA,"POWDERY MILDEW ","Spray Folicure 16 mlAntracol 30 gm15 Liter of WaterTebuconyazol BAYER CROP SCIENCE",18.5214,73.8545
JUNNAR,Vegetables,2017,5,3,Tomato,PUNE,"Plant Protection",JAYAD,HORTICULTURE,MAHARASHTRA,"POWDERY MILDEW ON TOMATO ","Spray Amistar 5 ml15 Liter of Water Azoxystrobin 250 EC -Syngenta",18.5214,73.8545
MAN,Vegetables,2017,4,23,Tomato,SATARA,"Plant Protection",nan,HORTICULTURE,MAHARASHTRA,"powdery mildew in tomato","powdery mildew in tomato - spray tilt 10 ml 15 lit water",17.6361,74.2983
KOREGAON,Vegetables,2017,6,7,Tomato,SATARA,"Agriculture Mechanization",nan,HORTICULTURE,MAHARASHTRA,"ASKING ABOUT ATTACK OF Powdery MILDEW ON TOMATO","Spray Ridomil Gold 30gm15 LITER WATERMetalaxl-M-Syngenta",17.6361,74.2983
KADEGAON,Vegetables,2017,4,30,Tomato,SANGLI,"Plant Protection",nan,HORTICULTURE,MAHARASHTRA,"powdery mildew","spraying of sulpher 2mllit water",17.1727,74.5868
"SOUTH  SOLAPUR",Vegetables,2017,4,15,Tomato,SOLAPUR,"Plant Protection",JAYAD,HORTICULTURE,MAHARASHTRA,"POWDERY MILDEW ON TOMATO ","Spray Amistar 5 ml15 Liter of Water Azoxystrobin 250 EC -Syngenta",17.8499,75.2763
MOHOL,Vegetables,2017,7,26,Tomato,SOLAPUR,"Plant Protection",nan,HORTICULTURE,MAHARASHTRA,"Powdery mildew on Tomato ","Powdery mildew on Tomato-Spray Sulfex 30 gm15 Liter of WaterSulphure 80 wpExcel crop care",17.8499,75.2763
KHULTABAD,Vegetables,2017,4,21,Tomato,AURANGABAD,"Plant Protection",nan,HORTICULTURE,MAHARASHTRA,"Powdery mildew on tomato ","Powdery mildew on tomato-Spray Tilt 07 ml15 Liter of WaterPropiconyazol 25EC-Syngenta",19.8773,75.339
ASHTI,Vegetables,2017,2,18,Tomato,BEED,"Plant Protection",JAYAD,HORTICULTURE,MAHARASHTRA,"Powdery mildew n tomato","Spray Antracol  30 gm 15 Liter of WaterPropineb-Bayer",18.9918,75.9098
DHARUR,Vegetables,2017,2,26,Tomato,BEED,"Plant Protection",JAYAD,HORTICULTURE,MAHARASHTRA,"Farmer asked about attack of powdery mildew on tomato ","For control of powdery mildew on tomato Spray Kavach  15 gm15 Liter of WaterChlorothalonil-Syngenta",18.9918,75.9098
DHARUR,Vegetables,2017,3,1,Tomato,BEED,"Bio-Pesticides and Bio-Fertilizers",nan,HORTICULTURE,MAHARASHTRA,"Attack of Powdery mildew","Spray Amistar 5 ml15 Liter of WaterAzactrostrobin-Syngenta",18.9918,75.9098
UDGIR,Vegetables,2017,2,28,Tomato,LATUR,"Plant Protection",nan,HORTICULTURE,MAHARASHTRA,"Powdery mildew on Tomato ","Powdery mildew on Tomato-Spray Tilt 07 ml15 Liter of WaterPropiconyazol 25EC-Syngenta",18.3553,76.7549
MEHKAR,Vegetables,2017,2,7,Tomato,BULDANA,"Plant Protection",nan,HORTICULTURE,MAHARASHTRA,"ATTACK POWDERY MILDEW ON TOMATO ","POWDERY MILDEW ON TOMATO -SPRAY HEXACHONAZOL 30 ML 15 LITER WATER",20.5628,76.4087
PUSAD,Vegetables,2017,6,13,Tomato,YEVATMAL,"Plant Protection",RABI,HORTICULTURE,MAHARASHTRA,"POWDERY MILDEW   ","Spray Cabriotop 30 gm15 Liter of Water-metiram pyraclostrobin 50  metiram 55Basf",18.9068,75.6742
"AUNDHA  NAGNATH",Vegetables,2017,4,15,Tomato,HINGOLI,"Plant Protection",RABI,HORTICULTURE,MAHARASHTRA,"attack of powdery mildew on tomato ","spray socre 8 ml   kavach 30 gm  15 litter of water for controlling powdery mildew on tomato",19.5431,77.1739
BALESHWAR,Vegetables,2017,3,16,Tomato,BALASORE,"Bio-Pesticides and Bio-Fertilizers",nan,HORTICULTURE,ODISHA,"POWDERY MILDEW IN TOMATO","SPRAY SULFEX 4 GRAM PER 1 LITTRE WATER TO CONTROL POWDERY MILDEW IN TOMATO",21.5006,86.9199
AGALPUR,Vegetables,2017,3,25,Tomato,BALANGIR,"Bio-Pesticides and Bio-Fertilizers",nan,HORTICULTURE,ODISHA,"POWDERY MILDEW IN TOMATO","SPRAY SULFEX 4 GRAM PER 1 LITRE WATER TO CONTROL POWDERY MILDEW IN TOMATO",20.6095,83.1673
LOISINGA,Vegetables,2017,4,6,Tomato,BALANGIR,"Plant Protection",nan,HORTICULTURE,ODISHA,"Powdery mildew in Tomato","Recommended to spray Wettable SulphurSulfex 4gm per litre of water Powdery mildew in Tomato",20.6095,83.1673
JOSHIPUR,Vegetables,2017,5,6,Tomato,MAYURBHANJ,"Plant Protection",nan,HORTICULTURE,ODISHA,"POWDERY MILDEW IN TOMATO","SPRAY SULPHUR 80  WP Wettable Sulfur 60 GM PER 15 LITER WATER TO CONTROL POWDERY MILDEW IN TOMATO",21.9156,86.3962
NIMAPADA,Vegetables,2017,4,9,Tomato,PURI,"Plant Protection",nan,HORTICULTURE,ODISHA,"Powdery mildew in Tomato","Recommended to spray Wettable sulphur 80 WPSulfex 4gm per litre of water to control Powdery mildew in Tomato",19.8076,85.8253
HARABHANGA,Vegetables,2017,1,7,Tomato,BAUDH,"Bio-Pesticides and Bio-Fertilizers",nan,HORTICULTURE,ODISHA,"powdery mildew in tomato","spray sulphersulphex4gm per 1ltr of water",20.8416,84.3213
BARGARH,Vegetables,2017,9,22,Tomato,BARGARH,"Plant Protection",nan,HORTICULTURE,ODISHA,"POWDERY MILDEW IN TOMATO","RECOMMENDED TO SPRAY SULFEX 4 GRAM PER 1 LITRE WATER TO CONTROL POWDERY MILDEW IN TOMATO",21.232,83.5653
GAISILET,Vegetables,2017,11,24,Tomato,BARGARH,"Plant Protection",nan,HORTICULTURE,ODISHA,"POWDERY MILDEW IN TOMATO","SPRAY WETTABLE SULPHOR 80WP 4GM1 LITRE WATEER TO CONTROL POWDERY MILDEW IN TOMATO",21.232,83.5653
VELLORE,Vegetables,2017,8,26,Tomato,VELLORE,"Agriculture Mechanization",KHARIF,HORTICULTURE,TAMILNADU,"asking about powdery mildew management in papaya","recommended for chlorothalanil 2 gram 1 litre of water",12.9022,79.0611
PALLADAM,Vegetables,2017,9,1,Tomato,COIMBATORE,"Plant Protection",KHARIF,HORTICULTURE,TAMILNADU,"Asking about Powdery mildew in tomato","recommended for the spray  : ridomil gold 2 gm lit of water",11.0018,76.9628
RATH,Vegetables,2017,3,14,Tomato,HAMIRPUR,"Plant Protection",nan,HORTICULTURE,"UTTAR PRADESH","Powdery mildew in tomato crop","Kisan bhai ap tamatar ki fasal par Carbendazim 50 WP  2 gramltr panee ki dar se ghol banakar chhidkaw kare",25.75,80
MAHOLI,Vegetables,2017,1,14,Tomato,SITAPUR,"Plant Protection",nan,HORTICULTURE,"UTTAR PRADESH","Powdery Mildew in potato","Copper Oxychloride 50 400 gramacre me pryog kare",27.5027,80.8335
MOHAMMADI,Vegetables,2017,2,10,Tomato,KHERI,"Plant Protection",RABI,HORTICULTURE,"UTTAR PRADESH","Control of Powdery mildew in Tomato","Sulphur 80 WDG  750-1000 g acre ki dar se prayog kare",28.1167,80.7167
MOHAMMADI,Vegetables,2017,3,23,Tomato,KHERI,"Plant Protection",JAYAD,HORTICULTURE,"UTTAR PRADESH","Powdery Mildew in Tomato Crop","Kaapar aaxikloraide 50SP 2gmlitre pani me milaakar spray karen",28.1167,80.7167
TARUN,Vegetables,2017,2,7,Tomato,FAIZABAD,"Plant Protection",RABI,HORTICULTURE,"UTTAR PRADESH","Tomato crop powdery mildew","Cymoxanil 8 Mancozeb 64 WP 500 gram  acre 150 liter paani me spray kare ",26.7789,82.1427
HARIYANGATANGANJ,Vegetables,2017,4,21,Tomato,FAIZABAD,"Plant Protection",JAYAD,HORTICULTURE,"UTTAR PRADESH","control powdery mildew of tomato","KISAAN BHAI AAP Sulphur 80 WDG 2 gramLITER PANI MEIN GHOLKAR CHIDKAAW KAREIN",26.7789,82.1427
"JALPAIGURI SADAR",Vegetables,2017,1,19,Tomato,JALPAIGURI,"Plant Protection",RABI,HORTICULTURE,"WEST BENGAL","ASKING ABOUT CONTROL OF POWDERY MILDEW IN TOMATO","RECOMMENDED FOR SPRAY  CARBENDAZIM 50 WP  1 GM   LITER OF WATER",26.6263,88.7335
SUTI-II,Vegetables,2017,12,8,Tomato,MURSHIDABAD,"Plant Protection",RABI,HORTICULTURE,"WEST BENGAL","CONTROL OF POWDERY MILDEW IN TOMATO","RECOMMENDED FOR SPRAY  AZOXYSTROBIN 23 EC  1 ML   LIT OF WATER",24.1746,88.2721
PANDUA,Vegetables,2017,1,22,Tomato,HOOGHLY,"Plant Protection",RABI,HORTICULTURE,"WEST BENGAL","ASKING ABOUT THE CONTROL OF POWDERY MILDEW ON TOMATO","RECOMMENDED FOR SPRAY HEXACONAZOLE 5 SC    15 MLLIT OF WATER",22.9099,88.0121
KALUK,Vegetables,2017,1,28,Tomato,"WEST DISTRICT","Plant Protection",RABI,HORTICULTURE,SIKKIM,"asking about control of whiteflywiltingand powdery mildew in tomato field","Recommended to Seed treatment with Pseudomonas fluorescens PF  10 gkg seed followed by nursery application of PF  20gsq m and  seedling dip with PF  5 gl along with soil application of PF  25 kg mixed with 50 kg FYM ha at 30 days of transplantingsticky yellow trap for whitefly on tomatosPowdery mildew on tomatoes:-applied oil to tomato plant but do mot apply oil during drought Test soil avoid overhead wateringremove and destroy affected  plant",27.601,88.4541
SULTHANABAD,Vegetables,2017,6,9,Tomato,PEDDAPALLI,"Plant Protection",KHARIF,HORTICULTURE,TELANGANA,"tomato powdery mildew","RECOMMENDED TO SPRAY DINOCAP  400 ML 200 LITRES OF WATER  ACRE",18.6207,79.495
DELHI,Vegetables,2017,5,11,Tomato,"West Delhi Rajouri Garden","Plant Protection",JAYAD,HORTICULTURE,DELHI,"TELL ME POWDERY MILDEW DISEASE IN TOMATO","KERATHIYAN 1 ML LITER SPRAY",28.6507,77.1253
TARLUPADU,Vegetables,2018,12,21,Tomato,PRAKASAM,"Plant Protection",0,HORTICULTURE,"ANDHRA PRADESH","POWDERY MILDEW MANAGEMENT","RECOMMENDED TO SPRAY WETTABLE SULPHUR  600 GRAMS200 LITRES OF WATER  ACRE",15.6643,79.4733
RUDRAVARAM,Vegetables,2018,2,24,Tomato,KURNOOL,"Plant Protection",nan,HORTICULTURE,"ANDHRA PRADESH","tomato powdery mildew management","RECOMMENDED TO SPRAY WETTABLE SULPHUR  600 GRAMS200 LITERS OF WATER  ACRE",15.8309,78.0425
"DHONE ALIAS DRONACHALAM",Vegetables,2018,11,24,Tomato,KURNOOL,nan,0,HORTICULTURE,"ANDHRA PRADESH","TOMATO POWDERY MILDEW MANAGEMENT","RECOMMENDED TO SPRAY MANCOZEB   600 GRAMS  200 LITRES OF WATER  ACRE",15.8309,78.0425
KAMBADUR,Vegetables,2018,7,21,Tomato,ANANTPUR,"Agriculture Mechanization",nan,HORTICULTURE,"ANDHRA PRADESH","POWDERY MILDEW MANAGEMENT IN TOMATO","RECOMMENDED TO SPRAY WETTABLE SULPHUR  600 GRAMS200 LITRES OF WATER  ACRE",13.5747,78.5029
BELUGUPPA,Vegetables,2018,7,28,Tomato,ANANTPUR,"Agriculture Mechanization",nan,HORTICULTURE,"ANDHRA PRADESH","TOMATO POWDERY MILDEW MANAGEMENT","RECOMMENDED TO SPRAY CARBENDAZIM    MANCOZEB  500 GRAMS  200 LITRES OF WATER ACRE",13.5747,78.5029
AMADAGUR,Vegetables,2018,8,18,Tomato,ANANTPUR,"Agriculture Mechanization",nan,HORTICULTURE,"ANDHRA PRADESH","TOMATO POWDERY MILDEW","RECOMMENDED TO SPRAY WETTABLE SULPHUR  600 GRAMS200 LITRES OF WATER  ACRE",13.5747,78.5029
RAMAGIRI,Vegetables,2018,8,23,Tomato,ANANTPUR,"Plant Protection",KHARIF,HORTICULTURE,"ANDHRA PRADESH","POWDERY MILDEW MANAGEMENT IN TOMATO","RECOMMENDED TO SPRAY DINOCAP  200 ML 200 LITRES OF WATER  ACRE",13.5747,78.5029
RAPTADU,Vegetables,2018,9,2,Tomato,ANANTPUR,"Agriculture Mechanization",nan,HORTICULTURE,"ANDHRA PRADESH","TOMATO POWDERY MILDEW MANAGEMENT","Recommended to spray Myclobutanil  Index  150gm acre",13.5747,78.5029
TANAKAL,Vegetables,2018,9,8,Tomato,ANANTPUR,nan,0,HORTICULTURE,"ANDHRA PRADESH","tomato powdery mildew","RECOMMENDED TO SPRAY WETTABLE SULPHUR  600 GRAMS200 LITERS OF WATER  ACRE   AND RECOMMENDED TO SPRAY DINOCAP  200 ML 200 LITERS OF WATER  ACRE",13.5747,78.5029
KUNDURPI,Vegetables,2018,9,8,Tomato,ANANTPUR,nan,0,HORTICULTURE,"ANDHRA PRADESH","POWDERY MILDEW IN TOMATO MANAGEMENT","RECOMMENDED TO SPRAY DINOCAP  400 ML 200 LITRES OF WATER  ACRE",13.5747,78.5029
KAMBADUR,Vegetables,2018,9,10,Tomato,ANANTPUR,nan,0,HORTICULTURE,"ANDHRA PRADESH","tomato powdery mildew management","RECOMMENDED TO SPRAY DINOCAP  200 ML 200 LITRES OF WATER  ACRE",13.5747,78.5029
KUNDURPI,Vegetables,2018,9,11,Tomato,ANANTPUR,nan,0,HORTICULTURE,"ANDHRA PRADESH","tomato powdery mildew","RECOMMENDED TO SPRAY DINOCAP  400 ML 200 LITRES OF WATER  ACRE",13.5747,78.5029
KUNDURPI,Vegetables,2018,9,11,Tomato,ANANTPUR,nan,0,HORTICULTURE,"ANDHRA PRADESH","POWDERY MILDEW IN TOMATO","RECOMMENDED TO SPRAY  WATER SOLUBLE SULPHUR 600 GRAMS200 LITRES OF WATER  ACRE",13.5747,78.5029
DHARMAVARAM,Vegetables,2018,10,17,Tomato,ANANTPUR,nan,0,HORTICULTURE,"ANDHRA PRADESH","tomato powdery mildew management","RECOMMENDED TO SPRAY DINOCAP  200 ML 200 LITRES OF WATER  ACRE",13.5747,78.5029
DHARMAVARAM,Vegetables,2018,10,22,Tomato,ANANTPUR,nan,0,HORTICULTURE,"ANDHRA PRADESH","POWDERY MILDEW IN TOMATO","RECOMMENDED TO SPRAY WETTABLE SULPHUR  600 GRAMS200 LITRES OF WATER  ACRE",13.5747,78.5029
KUNDURPI,Vegetables,2018,10,25,Tomato,ANANTPUR,nan,0,HORTICULTURE,"ANDHRA PRADESH","POWDERY MILDEW MANAGEMET","RECOMMENDED TO SPRAY WETTABLE SULPHUR  600 GRAMS200 LITRES OF WATER  ACRE",13.5747,78.5029
RAPTADU,Vegetables,2018,10,29,Tomato,ANANTPUR,nan,0,HORTICULTURE,"ANDHRA PRADESH","POWDERY MILDEW IN TOMATO","RECOMMENDED TO SPRAY DINOCAP  200 ML 200 LITRES OF WATER  ACRE",13.5747,78.5029
BELUGUPPA,Vegetables,2018,11,1,Tomato,ANANTPUR,nan,0,HORTICULTURE,"ANDHRA PRADESH","POWDERY MILDEW","RECOMMENDED TO SPRAY WETTABLE SULPHUR  600 GRAMS PER ACRE",13.5747,78.5029
SETTUR,Vegetables,2018,11,16,Tomato,ANANTPUR,nan,0,HORTICULTURE,"ANDHRA PRADESH","POWDERY MILDEW MANAGEMENT IN TOMATO","RECOMMENDED TO SPRAY MANCOZEB   600 GRAMS  200 LITRES OF WATER  ACRE",13.5747,78.5029
KUDAIR,Vegetables,2018,12,5,Tomato,ANANTPUR,"Plant Protection",0,HORTICULTURE,"ANDHRA PRADESH","POWDERY MILDEW MANAAGEMENT","RECOMMENDED TO SPRAY MANCOZEB   600 GRAMS  200 LITRES OF WATER  ACRE",13.5747,78.5029
PULIVENDLA,Vegetables,2018,9,2,Tomato,"Y S R ","Plant Protection",nan,HORTICULTURE,"ANDHRA PRADESH","tomato powdery mildew management","RECOMMENDED TO SPRAY DINOCAP  200 ML 200 LITRES OF WATER  ACRE",15.9241,80.1864
KURABALAKOTA,Vegetables,2018,4,9,Tomato,CHITTOOR,"Plant Protection",nan,HORTICULTURE,"ANDHRA PRADESH","tomato powdery mildew management in tomato","recommended to use mycobutanil 200 gm per 200 liters of water per acre",13.2026,79.0032
PEDDATHIPPASAMUDRAM,Vegetables,2018,8,12,Tomato,CHITTOOR,"Agriculture Mechanization",nan,HORTICULTURE,"ANDHRA PRADESH","TOMATO POWDERY MILDEW MANAGEMENT","RECOMMENDED TO SPRAY DICOFOL 1 LITRE  200 LITRES OF WATER ACRE",13.2026,79.0032
DOTOMA,Vegetables,2018,3,27,Tomato,KOKRAJHAR,"Plant Protection",nan,HORTICULTURE,ASSAM,"ASKING ABOUT THE CONTROL OF POWDERY MILDEW IN TOMATO","TOLD HIM TO SPRAY CONTAF  1ML  L OF WATER",26.4912,90.1215
DHALPUKHURI,Vegetables,2018,3,28,Tomato,NAGAON,"Plant Protection",nan,HORTICULTURE,ASSAM,"ASKING ABOUT THE CONTROL OF POWDERY MILDEW IN TOMATO","TOLD HIM TO SPRAY SAAF  2GM  L OF WATER",26.3314,92.7525
KHOWANG,Vegetables,2018,10,6,Tomato,DIBRUGARH,nan,0,HORTICULTURE,ASSAM,"ASKING ABOUT CONTROL  OF POWDERY MILDEW","RECOMMENDED HIM TO APPLY SAAF OR SULFAX GOLD 2MLLIT SPRAY THRICE AT 5 DAYS INTERVAL",27.4845,94.9019
"BILASPUR SADAR",Vegetables,2018,8,31,Tomato,BILASPUR,"Plant Protection",nan,HORTICULTURE,"HIMACHAL PRADESH","Information regarding control of Powdery Mildew in Tomato","Control of powdery mildew in Tomato: Spray Hexaconazole  05 ml  1 lt water",31.3381,76.7612
SALUNI,Vegetables,2018,8,3,Tomato,CHAMBA,"Plant Protection",KHARIF,HORTICULTURE,"HIMACHAL PRADESH","Information regarding control of Powdery Mildew in Tomato","Control of powdery mildew in Tomato: Spray Hexaconazole  05 ml  1 lt water",32.6923,76.1632
SALUNI,Vegetables,2018,8,20,Tomato,CHAMBA,"Plant Protection",nan,HORTICULTURE,"HIMACHAL PRADESH","Information regarding control of Powdery Mildew in Tomato","Control of powdery mildew in Tomato: Spray Hexaconazole  05 ml  1 lt water ",32.6923,76.1632
SALUNI,Vegetables,2018,9,7,Tomato,CHAMBA,nan,0,HORTICULTURE,"HIMACHAL PRADESH","Information regarding control of Powdery Mildew in Tomato","Control of powdery mildew in Tomato: Spray Hexaconazole  05 ml  1 lt water",32.6923,76.1632
"NAGROTA BAGWAN",Vegetables,2018,5,14,Tomato,KANGRA,"Cultural Practices",nan,HORTICULTURE,"HIMACHAL PRADESH","Information regarding control of powdery mildew in Tomato","Control of powdery mildew in Tomato: Spray Hexaconazole  05 ml  1 lt water",32.0769,76.2986
"DEHRA GOPIPUR",Vegetables,2018,7,29,Tomato,KANGRA,"Plant Protection",nan,HORTICULTURE,"HIMACHAL PRADESH","Information regarding control of Powdery Mildew in Tomato","Control of powdery mildew in Tomato: Spray Hexaconazole  05 ml  1 lt water",32.0769,76.2986
KARSOG,Vegetables,2018,4,8,Tomato,MANDI,"Plant Protection",nan,HORTICULTURE,"HIMACHAL PRADESH","how to control powdery mildew in pea ","Spray kerathane  05 ml per liter water",31.6517,77.0093
KARSOG,Vegetables,2018,4,10,Tomato,MANDI,"Plant Protection",nan,HORTICULTURE,"HIMACHAL PRADESH","how to control powdery mildew in pea ","Spray kerathane  05 ml per liter water",31.6517,77.0093
SERAJ,Vegetables,2018,5,19,Tomato,MANDI,"Plant Protection",RABI,HORTICULTURE,"HIMACHAL PRADESH","information regarding how to control powdery mildew in peas ","spray of hexaconazole  05 mlliter of water",31.6517,77.0093
BALH,Vegetables,2018,6,21,Tomato,MANDI,"Plant Protection",nan,HORTICULTURE,"HIMACHAL PRADESH","Information regarding control of Powdery Mildew in Tomato","Control of powdery mildew in Tomato: Spray Hexaconazole  05 ml  1 lt water",31.6517,77.0093
"MANDI SADAR",Vegetables,2018,7,30,Tomato,MANDI,"Plant Protection",KHARIF,HORTICULTURE,"HIMACHAL PRADESH","information regarding how to control powdery mildew in tomato plants ","spray of hexaconazolekantaf  100 ml per 200 liter of water",31.6517,77.0093
SERAJ,Vegetables,2018,8,13,Tomato,MANDI,"Plant Protection",KHARIF,HORTICULTURE,"HIMACHAL PRADESH","Information regarding control of Powdery Mildew in Pea","Control of Powdery Mildew in Pea: Spray Hexaconazole  05 ml or Karathane  05 ml  1 lt water",31.6517,77.0093
SUNDARNAGAR,Vegetables,2018,10,1,Tomato,MANDI,nan,0,HORTICULTURE,"HIMACHAL PRADESH","Information regarding control of Powdery Mildew in Tomato","Control of powdery mildew in Tomato: Spray Hexaconazole  05 ml  1 lt water",31.6517,77.0093
MASHOBRA,Vegetables,2018,5,24,Tomato,SHIMLA,"Cultural Practices",nan,HORTICULTURE,"HIMACHAL PRADESH","Information regarding control of powdery mildew in Tomato","Control of powdery mildew in Tomato: Spray Hexaconazole  05 ml  1 lt water",31.1042,77.171
CHAUPAL,Vegetables,2018,6,13,Tomato,SHIMLA,"Plant Protection",nan,HORTICULTURE,"HIMACHAL PRADESH","Information regarding control of powdery mildew in Tomato","Control of powdery mildew in Tomato: Spray Hexaconazole  05 ml  1 ltr water",31.1042,77.171
"JUBBAL KOTKHAI",Vegetables,2018,7,15,Tomato,SHIMLA,"Plant Protection",nan,HORTICULTURE,"HIMACHAL PRADESH","Information regarding control of powdery mildew in Tomato","Control of powdery mildew in Tomato: Spray Hexaconazole  05 ml  1 lt water",31.1042,77.171
NAHAN,Vegetables,2018,5,22,Tomato,SIRMAUR,"Cultural Practices",nan,HORTICULTURE,"HIMACHAL PRADESH","Information regarding control of powdery mildew in Tomato","Control of powdery mildew in Tomato: Spray Hexaconazole  05 ml  1 lt water",30.6991,77.4465
PACHHAD,Vegetables,2018,6,20,Tomato,SIRMAUR,"Plant Protection",KHARIF,HORTICULTURE,"HIMACHAL PRADESH","Information regarding control of powdery mildew in tomato","spray hexaconazole  100 ml  200 liter of water",30.6991,77.4465
"PAONTA SAHIB",Vegetables,2018,7,5,Tomato,SIRMAUR,"Cultural Practices",nan,HORTICULTURE,"HIMACHAL PRADESH","Information regarding control of Powdery Mildew in Tomato","Control of powdery mildew in Tomato: Spray Hexaconazole  05 ml  1 lt water",30.6991,77.4465
RAJGARH,Vegetables,2018,7,12,Tomato,SIRMAUR,"Cultural Practices",nan,HORTICULTURE,"HIMACHAL PRADESH","Information regarding control of Powdery Mildew in Tomato","Control of powdery mildew in Tomato: Spray Hexaconazole  05 ml  1 lt water",30.6991,77.4465
"PAONTA SAHIB",Vegetables,2018,7,15,Tomato,SIRMAUR,"Plant Protection",KHARIF,HORTICULTURE,"HIMACHAL PRADESH","Information regarding control of Powdery Mildew in Tomato","Control of powdery mildew in Tomato: Spray Hexaconazole  05 ml  1 lt water",30.6991,77.4465
RAJGARH,Vegetables,2018,7,18,Tomato,SIRMAUR,"Plant Protection",nan,HORTICULTURE,"HIMACHAL PRADESH","Information regarding control of Powdery Mildew in Tomato","Control of powdery mildew in Tomato: Spray Hexaconazole  05 ml  1 lt water",30.6991,77.4465
RAJGARH,Vegetables,2018,7,19,Tomato,SIRMAUR,"Plant Protection",nan,HORTICULTURE,"HIMACHAL PRADESH","Information regarding control of Powdery Mildew in Tomato","Control of powdery mildew in Tomato: Spray Hexaconazole  05 ml  1 lt water",30.6991,77.4465
SANGRAH,Vegetables,2018,8,1,Tomato,SIRMAUR,"Plant Protection",nan,HORTICULTURE,"HIMACHAL PRADESH","Information regarding control of Powdery Mildew in Tomato","Control of powdery mildew in Tomato: Spray Hexaconazole  05 ml  1 lt water",30.6991,77.4465
RAJGARH,Vegetables,2018,8,9,Tomato,SIRMAUR,"Plant Protection",nan,HORTICULTURE,"HIMACHAL PRADESH","Information regarding control of powdery mildew in Tomato","Control of powdery mildew in Tomato: Spray Hexaconazole  05 ml  1 lt water",30.6991,77.4465
"PAONTA SAHIB",Vegetables,2018,8,13,Tomato,SIRMAUR,"Plant Protection",nan,HORTICULTURE,"HIMACHAL PRADESH","Information regarding control of Powdery Mildew in Tomato","Control of powdery mildew in Tomato: Spray Hexaconazole  05 ml  1 lt water",30.6991,77.4465
PACHHAD,Vegetables,2018,8,15,Tomato,SIRMAUR,"Plant Protection",KHARIF,HORTICULTURE,"HIMACHAL PRADESH","Information regarding control of powdery mildew in tomato","spray ridomil  25 gm  10 litre of water",30.6991,77.4465
SANGRAH,Vegetables,2018,8,17,Tomato,SIRMAUR,"Plant Protection",nan,HORTICULTURE,"HIMACHAL PRADESH","Information regarding control of Powdery Mildew in Tomato","Control of powdery mildew in Tomato: Spray Hexaconazole  05 ml  1 lt water",30.6991,77.4465
PACHHAD,Vegetables,2018,8,18,Tomato,SIRMAUR,"Plant Protection",KHARIF,HORTICULTURE,"HIMACHAL PRADESH","Information regarding control of Powdery Mildew in Tomato","Control of powdery mildew in Tomato: Spray Hexaconazole  05 ml  1 lt water",30.6991,77.4465
NALAGARH,Vegetables,2018,5,20,Tomato,SOLAN,"Plant Protection",RABI,HORTICULTURE,"HIMACHAL PRADESH","Information regarding about how to control powdery mildew in tomato","To control powsery mildew in tomato spray of Saaf  25 gram litre of water",30.9078,77.1024
NALAGARH,Vegetables,2018,5,23,Tomato,SOLAN,"Plant Protection",nan,HORTICULTURE,"HIMACHAL PRADESH","control powdery mildew of pea ","control powdery mildew of pea is spray Kerathen  05mlliter of water",30.9078,77.1024
KUNIHAR,Vegetables,2018,6,22,Tomato,SOLAN,"Plant Protection",nan,HORTICULTURE,"HIMACHAL PRADESH","Information regarding control of powdery mildew in Tomato","Control of powdery mildew in Tomato: Spray Hexaconazole  05 ml  1 lt water",30.9078,77.1024
KUNIHAR,Vegetables,2018,8,15,Tomato,SOLAN,"Plant Protection",nan,HORTICULTURE,"HIMACHAL PRADESH","Information regarding control of Powdery Mildew in Tomato","Control of powdery mildew in Tomato: Spray Hexaconazole  05 ml  1 lt water",30.9078,77.1024
NALAGARH,Vegetables,2018,9,7,Tomato,SOLAN,nan,0,HORTICULTURE,"HIMACHAL PRADESH","Information regarding control of Powdery Mildew in Tomato","Control of powdery mildew in Tomato: Spray Hexaconazole  05 ml  1 lt water ",30.9078,77.1024
CHIKODI,Vegetables,2018,4,15,Tomato,BELGAUM,"Plant Protection",nan,HORTICULTURE,KARNATAKA,"asked about tomato powdery mildew","tomato powdery mildew spray wettable  sulphur 3 g  lit of water  for tomato spray  confidor 05 ml  lit of water for chili leaf curl",15.8573,74.5069
KADUR,Vegetables,2018,4,28,Tomato,CHIKMAGALUR,"Plant Protection",nan,HORTICULTURE,KARNATAKA,"asked about tomato powdery mildew","tomato powdery mildew  spray wettable sulphur 2 g  lit of water",13.318,75.7739
CHALLAKERE,Vegetables,2018,5,30,Tomato,CHITRADURGA,"Plant Protection",nan,HORTICULTURE,KARNATAKA,"ASKING ABOUT POWDERY MILDEW MANAGEMENT IN TOMATO","SUGGESTED TO SPRAY WETTABLE SULPHUR  2 GRAMS PER LITRE OF WATER",14.3049,76.5297
CHITRADURGA,Vegetables,2018,7,16,Tomato,CHITRADURGA,"Plant Protection",nan,HORTICULTURE,KARNATAKA,"ASKED FOR:tomato powdery mildew","ASKED FOR:tomato powdery mildew RECOMMENDED:spray carbandizim 1glt of water",14.3049,76.5297
AFZALPUR,Vegetables,2018,9,30,Tomato,GULBARGA,"Plant Protection",nan,HORTICULTURE,KARNATAKA,"Tomato powdery mildew and leaf spot","10 ml Hexaconazole in a lit water  Redomil gold 2 gram per liter of water",17.331,76.8334
ARSIKERE,Vegetables,2018,8,25,Tomato,HASSAN,"Plant Protection",nan,HORTICULTURE,KARNATAKA,"asked about tomato powdery mildew","asked about tomato powdery mildewrecommended-wettable sulphur 2 gm per liter",13.0302,76.1745
CHANNARAYAPATNA,Vegetables,2018,12,9,Tomato,HASSAN,"Plant Protection",0,HORTICULTURE,KARNATAKA,"Powdery mildew in tomato","Spray hexaconzole 1 mili per liter of water",13.0302,76.1745
KOLAR,Vegetables,2018,7,23,Tomato,KOLAR,"Plant Protection",nan,HORTICULTURE,KARNATAKA,"asked about tomato powdery mildew","asked about tomato powdery mildewrecommended-copper oxy cloride  3 gm per liter",13.1805,78.2669
SRINIVASPUR,Vegetables,2018,8,8,Tomato,KOLAR,"Plant Protection",nan,HORTICULTURE,KARNATAKA,"ASKED FOR :tomato powdery mildew and red spider mite","ASKED FOR :tomato powdery mildew and red spider miteRECOMMENDED:spray carbendizim 1glt of water and Spray 10 ml Propargite 57 EClt of water for red spider mite",13.1805,78.2669
PANDAVAPURA,Vegetables,2018,6,26,Tomato,MANDYA,"Plant Protection",nan,HORTICULTURE,KARNATAKA,"asked for tomato powdery mildew","recommended-spray wettable suphur at 3g in 1 liter water",12.6369,76.7275
JAGALUR,Vegetables,2018,3,19,Tomato,DAVANAGERE,"Plant Protection",nan,HORTICULTURE,KARNATAKA,"ASKING ABOUT POWDERY MILDEW AND GROWTH AND DEVELOPMENT MANAGEMENT IN TOMATO","SUGGESTED TO SPRAY WETTABLE SULPHUR  3 GRAMS PER LITRE OF WATER AND 19:19:19  4 GRAMS PER LITRE OF WATER",14.2559,75.8303
YELBURGA,Vegetables,2018,2,1,Tomato,KOPPAL,"Plant Protection",nan,HORTICULTURE,KARNATAKA,"asked about tomato powdery mildew","tomato powdery mildew Spray 30 g Wettable sulphur 80WP OR10g Dinocap 45WP",15.5748,76.3119
Bagepalli,Vegetables,2018,4,15,Tomato,CHIKKABALLAPUR,"Plant Protection",nan,HORTICULTURE,KARNATAKA,"ASKING ABOUT POWDERY MILDEW MANAGEMENT IN TOMATO","SUGGESTED TO SPRAY WETTABLE SULPHUR  2 GRAMS PER LITRE OF WATER",13.0994,77.3887
Chintamani,Vegetables,2018,9,9,Tomato,CHIKKABALLAPUR,"Plant Protection",nan,HORTICULTURE,KARNATAKA,"powdery mildew in tomato","Spray sulfex 2 gram per liter of water",13.0994,77.3887
BAGLAN,Vegetables,2018,3,26,Tomato,NASIK,"Plant Protection",JAYAD,HORTICULTURE,MAHARASHTRA,"FARMER ASKED ABOUT attack of  POWDERY MILDEW on tomato ","Spray Folicure 07 ml15 Liter of WaterTebuconyazol BAYER CROP SCIENCE",19.9613,73.8317
DEOLA,Vegetables,2018,4,18,Tomato,NASIK,"Plant Protection",nan,HORTICULTURE,MAHARASHTRA,"POWDERY MILDEW ","SPRAY VIROSAN 30 GM  15 LITERS OF WATER Natural Enzymes Clove Oil Ginger oil Basil oil KRUSHITCH Spray Blue copper -30 gm15 lit waterCOPPER OXYCHLORIDE 50 WP SYNGENTA",19.9613,73.8317
DEOLA,Vegetables,2018,4,18,Tomato,NASIK,"Plant Protection",nan,HORTICULTURE,MAHARASHTRA,"POWDERY MILDEW ","Spray Blue copper -30 gm15 lit waterCOPPER OXYCHLORIDE 50 WP SYNGENTA",19.9613,73.8317
BAGLAN,Vegetables,2018,5,5,Tomato,NASIK,"Agriculture Mechanization",nan,HORTICULTURE,MAHARASHTRA,"Powdery mildew on Tomato ","Spray Kavach  15 gm15 Liter of WaterChlorothalonil-Syngenta",19.9613,73.8317
SINNAR,Vegetables,2018,5,6,Tomato,NASIK,"Plant Protection",nan,HORTICULTURE,MAHARASHTRA,"POWDERY MILDEW CONTROL ON TOMATO CROP","YOU CAN SPRAY KAVACH 20 GRAM SCORE 5 MILI PAMP WATER USE FOR POWDERY MILDEW CONTROL ON TOMATO CROP",19.9613,73.8317
SINNAR,Vegetables,2018,5,22,Tomato,NASIK,"Plant Protection",JAYAD,HORTICULTURE,MAHARASHTRA,"POWDERY MILDEW ","Spray Score  8 ml15 Liter of Water Difenconyazol 25EC-Syngenta",19.9613,73.8317
SINNAR,Vegetables,2018,8,2,Tomato,NASIK,"Plant Protection",nan,HORTICULTURE,MAHARASHTRA,"FARMER ASK ABOUT POWDERY MILDEW ON TOMATO","POWDERY MILDEW ON TOMATO-Spray Amistar 5 ml15 Liter of WaterAzoxystrobin 250 EC -Syngenta",19.9613,73.8317
DINDORI,Vegetables,2018,10,20,Tomato,NASIK,"Plant Protection",KHARIF,HORTICULTURE,MAHARASHTRA,"asking about  powdery mildew on tomato crop","sprayRedomil Gold  30 gramMephonaxonmancozebsyngnt15 LITER WATER",19.9613,73.8317
PARNER,Vegetables,2018,5,7,Tomato,AHMADNAGAR,"Plant Protection",JAYAD,HORTICULTURE,MAHARASHTRA,"FARMER ASKED FOR POWDERY MILDEW ATTACK ON TOMATO ","POWDERY MILDEW ATTACK ON TOMATO BACCILUS THRUENGENSIS 1KG IN 200 LITER OF WATER",19.0744,74.722
PARNER,Vegetables,2018,6,1,Tomato,AHMADNAGAR,"Plant Protection",KHARIF,HORTICULTURE,MAHARASHTRA,"POWDERY MILDEW ","Spray Folicure 07 ml15 Liter of WaterTebuconyazol BAYER CROP SCIENCE",19.0744,74.722
AKOLE,Vegetables,2018,7,16,Tomato,AHMADNAGAR,"Plant Protection",nan,HORTICULTURE,MAHARASHTRA,"POWDERY MILDEW ATTACK TOMATO CROP","Spray Aliette 30 gm15 Liter of WaterFosety-AL 80 WP BAYER CROP SCIENCE",19.0744,74.722
PARNER,Vegetables,2018,7,20,Tomato,AHMADNAGAR,"Plant Protection",KHARIF,HORTICULTURE,MAHARASHTRA,"attack of powdery mildew on tomato ","spray score 8 ml   kavach 30 gm  15 liter of water for controlling  powdery mildew on tomato",19.0744,74.722
JUNNAR,Vegetables,2018,4,16,Tomato,PUNE,"Plant Protection",nan,HORTICULTURE,MAHARASHTRA,"farmer ask about POWDERY MILDEW on tomato","POWDERY MILDEW on tomato-Spray Natio 06 gm15 Liter of Water Tebuconyazol 50 Trifloxystrobin 25 -BAYER CROP SCIENCE",18.5214,73.8545
"PUNE CITY",Vegetables,2018,5,13,Tomato,PUNE,"Plant Protection",nan,HORTICULTURE,MAHARASHTRA,"POWDERY MILDEW","SPRAY CONTAF PLUS 30 ML  15 LITERS OF WATER Hexaconazole 5 SCTATA RALLIS",18.5214,73.8545
SHIRUR,Vegetables,2018,7,18,Tomato,PUNE,"Plant Protection",nan,HORTICULTURE,MAHARASHTRA,"POWDERY MILDEW ","Spray Score  8 ml15 Liter of Water Difenconyazol 25EC-Syngenta",18.5214,73.8545
KADEGAON,Vegetables,2018,4,7,Tomato,SANGLI,"Agriculture Mechanization",nan,HORTICULTURE,MAHARASHTRA,"POWDERY MILDEW ON TOMATO ","Spray Roko 08 gm  Pride 07 gm 15 Liter of Water",17.1727,74.5868
KANAND,Vegetables,2018,5,1,Tomato,AURANGABAD,"Plant Protection",nan,HORTICULTURE,MAHARASHTRA,"ASKED ABOUT ATTACK OF POWDERY MILDEW","SPRAY SULPHER 80  25 GM IN 15 LITER WATER",19.8773,75.339
PARBHANI,Vegetables,2018,1,23,Tomato,PARBHANI,"Plant Protection",RABI,HORTICULTURE,MAHARASHTRA,"POWDERY MILDEW ON TOMATO","Spray Bavistine 30 gm15 lit of Water",19.2902,76.6026
BEED,Vegetables,2018,6,12,Tomato,BEED,"Plant Protection",KHARIF,HORTICULTURE,MAHARASHTRA,"ASKED ABOUT POWDERY MILDEW ","Spray Amistar 5 ml15 Liter of Water Azoxystrobin 250 EC -Syngenta",18.9918,75.9098
DEONI,Vegetables,2018,1,10,Tomato,LATUR,"Fertilizer Use and Availability",nan,HORTICULTURE,MAHARASHTRA,"POWDERY MILDEW   ","Spray Blue copper -30 gm15 lit waterCOPPER OXYCHLORIDE 50 WP SYNGENTA",18.3553,76.7549
DEONI,Vegetables,2018,6,14,Tomato,LATUR,"Plant Protection",nan,HORTICULTURE,MAHARASHTRA,"powdery mildew in tomato","powdery mildew in tomato -  spray m 45",18.3553,76.7549
CHAKUR,Vegetables,2018,11,16,Tomato,LATUR,nan,0,HORTICULTURE,MAHARASHTRA,"ASKED ABOUT ATTACK OF POWDERY MILDEW ","Spray Kavach  15 gm15 Liter of WaterChlorothalonil-Syngenta",18.3553,76.7549
CHAKUR,Vegetables,2018,12,17,Tomato,LATUR,"Plant Protection",0,HORTICULTURE,MAHARASHTRA,"FARMER ASK ABOUT POWDERY MILDEW ON TOMATO ","POWDERY MILDEW ON TOMATO-Spray Tilt 250 EC15 Lit of Water Propiconazole 250 EC SYNGENTA",18.3553,76.7549
BRAHMAPURI,Vegetables,2018,5,15,Tomato,CHANDRAPUR,"Plant Protection",nan,HORTICULTURE,MAHARASHTRA,"POWDERY MILDEW","Spray Amistar 5 ml15 Liter of WaterAzoxystrobin 250 EC -Syngenta",20.0968,79.5045
OUPADA,Vegetables,2018,3,22,Tomato,BALASORE,"Plant Protection",nan,HORTICULTURE,ODISHA,"Powdery Mildew in Tomato","Recommended to spray Wettable Sulphur 80 WPSulfex 4gm per litre of water to control Powdery Mildew in Tomato",21.5006,86.9199
DEOGAON,Vegetables,2018,7,5,Tomato,BALANGIR,"Plant Protection",nan,HORTICULTURE,ODISHA,"POWDERY MILDEW IN TOMATO","SPRAY SULPHUR DUST  4GMLITER OF WATER",20.6095,83.1673
DEOGAON,Vegetables,2018,9,18,Tomato,BALANGIR,"Plant Protection",nan,HORTICULTURE,ODISHA,"POWDERY MILDEW IN TOMATO","POWDERY MILDEW IN TOMATOSPRAY WETTABLE SULPHUR 80WP  3GM 1 LITRE OF WATER",20.6095,83.1673
SAHARAPADA,Vegetables,2018,8,31,Tomato,KEONJHAR,"Plant Protection",nan,HORTICULTURE,ODISHA,"POWDERY MILDEW IN TOMATO","POWDERY MILDEW IN TOMATO-SPRAY  WETABLE SULPHOR 80WP 4GM IN 1 LITRE WATER",21.5,85.5
SAHARAPADA,Vegetables,2018,8,31,Tomato,KEONJHAR,"Plant Protection",nan,HORTICULTURE,ODISHA,"POWDERY MILDEW IN TOMATO","POWDERY MILDEW IN TOMATO-SPRAY WETTABLE SULPHUR 4GMLIT WATER",21.5,85.5
AMBER,Vegetables,2018,4,3,Tomato,JAIPUR,"Plant Protection",RABI,HORTICULTURE,RAJASTHAN,"TELL ME  POWDERY MILDEW IN TOMATO","SPRAY OF COPPER OXICHLORIDE 3 GM PER LITER WATER",26.9155,75.819
"NEEM KA THANA",Vegetables,2018,4,6,Tomato,SIKAR,"Plant Protection",RABI,HORTICULTURE,RAJASTHAN,"TELL ME POWDERY MILDEW CONTROL IN TOMATO","SPRAY OF MENCOZEB 2 GMLITRE",27.6625,75.028
"POLLACHI NORTH",Vegetables,2018,9,17,Tomato,COIMBATORE,nan,0,HORTICULTURE,TAMILNADU,"Powdery mildew in bhendi","Recommended for spray inorganic sulphur 2gram  liter of water",11.0018,76.9628
BEHJAM,Vegetables,2018,1,12,Tomato,KHERI,"Plant Protection",nan,HORTICULTURE,"UTTAR PRADESH","Powdery mildew in tomato crop","Kisan bhai ap tamatar ki fasal par Carbendazim 50 WP  500 gram aur Streptocyclene  6 gram prati acre ki dar se 200 litr panee me ghol banakar chhidkaw kare",28.1167,80.7167
MOHAMMADI,Vegetables,2018,2,6,Tomato,KHERI,"Plant Protection",RABI,HORTICULTURE,"UTTAR PRADESH","Powdery Mildew problem in tomato","Myclobutanil 10 WP 1 gram4 li pani me spray kare",28.1167,80.7167
MOHAMMADI,Vegetables,2018,3,6,Tomato,KHERI,"Plant Protection",JAYAD,HORTICULTURE,"UTTAR PRADESH","Powdery mildew in Tomato ","kisan bhai ap copper oxikloraid aur strepto cycline ko milakr spray kare",28.1167,80.7167
HARAKH,Vegetables,2018,4,28,Tomato,BARABANKI,"Nutrient Management",JAYAD,HORTICULTURE,"UTTAR PRADESH","information for control powdery mildew in tomato crop","kisan bhai aap carbendazim  2 gram  litar panike sath milaakar sprey kare",26.9421,81.3856
"GOPIBALLAV PUR -II",Vegetables,2018,3,28,Tomato,"WEST MEDINIPUR","Plant Protection",JAYAD,HORTICULTURE,"WEST BENGAL","CONTROL OF POWDERY MILDEW IN TOMATO","RECOMMENDED FOR SPRAY BENOMIL 50 WP   1 GM   2 LIT OF WATER",22.2789,87.9223
DHAMDHA,Vegetables,2018,11,4,Tomato,DURG,nan,0,HORTICULTURE,CHHATTISGARH,"Farmers query about powdery mildew and insect attack in tomato ","Powery mildew :-Spray  Carbendazim 25 EC  30 ml pump White fly:- Spray Dimethoate 30 EC  2 ml 15 liter pump in your chilly crop ",21.1983,81.4008
DHAMDHA,Vegetables,2018,12,7,Tomato,DURG,"Plant Protection",0,HORTICULTURE,CHHATTISGARH,"farmers query about  powdery mildew","spray of wettable sulphur 40 gram per pump",21.1983,81.4008
THAULDHAR,Vegetables,2018,6,2,Tomato,"TEHRI GARWAL","Plant Protection",KHARIF,HORTICULTURE,UTTARAKHAND,"powdery mildew in tomato ","spray copper oxichloride 50 wp  3 gmliter of water  spray Imidachloprid 178 SL  1 ml2 liter of water",29.9451,78.1527
BOINPALLI,Vegetables,2018,11,2,Tomato,"RAJANNA SIRCILLA",nan,0,HORTICULTURE,TELANGANA,"TOMATO POWDERY MILDEW","RECOMMENDED TO SPRAY DINOCAP  200 ML 200 LITRES OF WATER  ACRE",18.4521,78.7646
BOINPALLI,Vegetables,2018,11,2,Tomato,"RAJANNA SIRCILLA",nan,0,HORTICULTURE,TELANGANA,"TOMATO POWDERY MILDEW","RECOMMENDED TO SPRAY AZOXYSTROBIN  150 ML 200 LITRES OF WATER ACRE",18.4521,78.7646
BIBINAGAR,Vegetables,2018,9,21,Tomato,"YADADRI BHUVANAGIRI",nan,0,HORTICULTURE,TELANGANA,"tomato powdery mildew management","RECOMMENDED TO SPRAY  WATER SOLUBLE SULPHUR 600 GRAMS200 LITRES OF WATER  ACRE",17.4282,79.0905
GANGUVARISIGADAM,Vegetables,2019,8,18,Tomato,SRIKAKULAM,"Plant Protection",nan,HORTICULTURE,"ANDHRA PRADESH","TOMATO SUCKING PEST POWDERY MILDEW",nan,18.2949,83.8939
CHEEDIKADA,Vegetables,2019,3,10,Tomato,VISAKHAPATNAM,"Plant Protection",nan,HORTICULTURE,"ANDHRA PRADESH","POWDERY MILDEW MANAGEMENT ",nan,17.6936,83.2921
MARRIPADU,Vegetables,2019,2,4,Tomato,NELLORE,"Plant Protection",nan,HORTICULTURE,"ANDHRA PRADESH","MANAGEMENT OF POWDERY MILDEW IN TOMATO ","RECOMMENDED TO SPRAY CAPTAN    600 GRAMS200 LITRES OF WATER  ACRE    ",14.4494,79.9874
"DHONE ALIAS DRONACHALAM",Vegetables,2019,1,4,Tomato,KURNOOL,"Plant Protection",nan,HORTICULTURE,"ANDHRA PRADESH","POWDERY MILDEW","RECOMMENDED TO SPRAY AZOXYSTROBIN  150 ML 200 LITRES OF WATER ACRE ",15.8309,78.0425
KRISHNAGIRI,Vegetables,2019,1,10,Tomato,KURNOOL,"Plant Protection",nan,HORTICULTURE,"ANDHRA PRADESH","POWDERY MILDEW MANAGEMENT","Recommended to spray Myclobutanil  Index 150gm acre ",15.8309,78.0425
PEAPULLY,Vegetables,2019,2,5,Tomato,KURNOOL,"Plant Protection",nan,HORTICULTURE,"ANDHRA PRADESH","POWDERY MILDEW MANAGEMENT IN TOMATO","RECOMMENDED TO SPRAY  CARBENDAZIM MANCOZEB  SAAF 400GM  200 LIT OF WATER ACRE",15.8309,78.0425
NANDAVARAM,Vegetables,2019,2,19,Tomato,KURNOOL,"Plant Protection",nan,HORTICULTURE,"ANDHRA PRADESH","POWDERY MILDEW ","RECOMMENDED TO SPRAY AZOXYSTROBIN  150 ML 200 LITRES OF WATER ACRE ",15.8309,78.0425
NANDAVARAM,Vegetables,2019,2,26,Tomato,KURNOOL,"Plant Protection",nan,HORTICULTURE,"ANDHRA PRADESH","POWDERY MILDEW MANAGEMENT",nan,15.8309,78.0425
KALYANDRUG,Vegetables,2019,1,1,Tomato,ANANTPUR,"Plant Protection",nan,HORTICULTURE,"ANDHRA PRADESH","POWDERY MILDEW MANAGEMENT","RECOMMENDED TO SPRAY CHLOROTHALONIL 400 GRAMS  ACRE  ",13.5747,78.5029
KUDAIR,Vegetables,2019,1,1,Tomato,ANANTPUR,"Plant Protection",nan,HORTICULTURE,"ANDHRA PRADESH","POWDERY MILDEW IN TOMATO","RECOMMENDED TO SPRAY MICLOBUTANIL 100 GRAMS PER ACRE TO CONTROL POWDERY MILDEW IN TOMATO",13.5747,78.5029
KUDAIR,Vegetables,2019,1,2,Tomato,ANANTPUR,"Plant Protection",nan,HORTICULTURE,"ANDHRA PRADESH","powdery mildew management","RECOMMENDED TO SPRAY TRIDEMORPH   200 ML 200 LITRES OF WATER  ACRE  ",13.5747,78.5029
NARPALA,Vegetables,2019,1,3,Tomato,ANANTPUR,"Plant Protection",nan,HORTICULTURE,"ANDHRA PRADESH","LEAF MINER AND POWDERY MILDEW","RECOMMENDED TO SPRAY AZOXYSTROBIN  150 ML 200 LITRES OF WATER ACRE RECOMMENDED TO SPRAY IMIDACLOPRID 60 ML 200 LITRES OF WATER  ACRE",13.5747,78.5029
"0   ",Vegetables,2019,1,5,Tomato,ANANTPUR,"Plant Protection",nan,HORTICULTURE,"ANDHRA PRADESH","POWDERY MILDEW","RECOMMENDED TO SPRAY DINOCAP  200 ML 200 LITRES OF WATER  ACRE    200     200        ",13.5747,78.5029
KALYANDRUG,Vegetables,2019,1,6,Tomato,ANANTPUR,"Plant Protection",nan,HORTICULTURE,"ANDHRA PRADESH","POWDERY MILDEW MANAGEMENT","RECOMMENDED TO SPRAY   TEBUCONAZOLE  TRIFLOXYSTROBIN 160 GRAMS 200 LITRES OF WATER ACRE      ",13.5747,78.5029
BELUGUPPA,Vegetables,2019,1,6,Tomato,ANANTPUR,"Plant Protection",nan,HORTICULTURE,"ANDHRA PRADESH","POWDERY MILDEW MANAGEMENT","RECOMMENDED TO SPRAY DINOCAP  200 ML 200 LITRES OF WATER  ACRE   ",13.5747,78.5029
PEDDAPAPPUR,Vegetables,2019,1,16,Tomato,ANANTPUR,"Plant Protection",nan,HORTICULTURE,"ANDHRA PRADESH","MANAGEMENT OF POWDERY MILDEW IN TOMATO ","RECOMMENDED TO SPRAY DINOCAP  200 ML 200 LITRES OF WATER  ACRE   ",13.5747,78.5029
KAMBADUR,Vegetables,2019,6,25,Tomato,ANANTPUR,"Plant Protection",nan,HORTICULTURE,"ANDHRA PRADESH","TOMATO POWDERY MILDEW MANAGEMENT",nan,13.5747,78.5029
KUNDURPI,Vegetables,2019,7,2,Tomato,ANANTPUR,"Plant Protection",nan,HORTICULTURE,"ANDHRA PRADESH","POWDERY MILDEW MANAGEMENT IN TOMATO",nan,13.5747,78.5029
PEDDAPAPPUR,Vegetables,2019,7,18,Tomato,ANANTPUR,"Plant Protection",nan,HORTICULTURE,"ANDHRA PRADESH","TOMATO POWDERY MILDEW MANAGEMENT",nan,13.5747,78.5029
KALYANDRUG,Vegetables,2019,7,23,Tomato,ANANTPUR,"Plant Protection",nan,HORTICULTURE,"ANDHRA PRADESH","TOMATO POWDERY MILDEW MANAGEMENT",nan,13.5747,78.5029
DHARMAVARAM,Vegetables,2019,8,2,Tomato,ANANTPUR,"Plant Protection",nan,HORTICULTURE,"ANDHRA PRADESH","TOMATO POWDERY MILDEW MANAGEMENT",nan,13.5747,78.5029
ANANTAPUR,Vegetables,2019,8,5,Tomato,ANANTPUR,"Plant Protection",nan,HORTICULTURE,"ANDHRA PRADESH","POWDERY MILDEW MANAGEMENT",nan,13.5747,78.5029
AMADAGUR,Vegetables,2019,8,8,Tomato,ANANTPUR,"Plant Protection",nan,HORTICULTURE,"ANDHRA PRADESH","TOMATO POWDERY MILDEW MANAGEMENT",nan,13.5747,78.5029
KAMBADUR,Vegetables,2019,8,10,Tomato,ANANTPUR,"Plant Protection",nan,HORTICULTURE,"ANDHRA PRADESH","TOMATO POWDERY MILDEW MANAGEMENT",nan,13.5747,78.5029
ANANTAPUR,Vegetables,2019,8,11,Tomato,ANANTPUR,"Plant Protection",nan,HORTICULTURE,"ANDHRA PRADESH","TOMATO POWDERY MILDEW MANAGEMENT",nan,13.5747,78.5029
BUKKARAYASAMUDRAM,Vegetables,2019,8,22,Tomato,ANANTPUR,"Plant Protection",nan,HORTICULTURE,"ANDHRA PRADESH","POWDERY MILDEW IN TOMATO",nan,13.5747,78.5029
KALYANDRUG,Vegetables,2019,8,31,Tomato,ANANTPUR,"Plant Protection",nan,HORTICULTURE,"ANDHRA PRADESH","POWDERY MILDEW MANAGEMENT",nan,13.5747,78.5029
AMARAPURAM,Vegetables,2019,9,7,Tomato,ANANTPUR,"Plant Protection",nan,HORTICULTURE,"ANDHRA PRADESH","tomato powdery mildew management ",nan,13.5747,78.5029
MUDIGUBBA,Vegetables,2019,9,9,Tomato,ANANTPUR,"Plant Protection",nan,HORTICULTURE,"ANDHRA PRADESH","TOMATO POWDERY MILDEW MANAGEMENT ",nan,13.5747,78.5029
BUKKARAYASAMUDRAM,Vegetables,2019,9,30,Tomato,ANANTPUR,"Plant Protection",nan,HORTICULTURE,"ANDHRA PRADESH","TOMATO POWDERY MILDEW MANAGEMENT ",nan,13.5747,78.5029
BELUGUPPA,Vegetables,2019,12,14,Tomato,ANANTPUR,"Plant Protection",nan,HORTICULTURE,"ANDHRA PRADESH","POWDERY MILDEW MANAGEMENT",nan,13.5747,78.5029
"B KODUR",Vegetables,2019,9,2,Tomato,"Y S R ","Plant Protection",nan,HORTICULTURE,"ANDHRA PRADESH","TOMATO POWDERY MILDEW MANAGEMENT",nan,15.9241,80.1864
TSUNDUPALLE,Vegetables,2019,9,4,Tomato,"Y S R ","Plant Protection",nan,HORTICULTURE,"ANDHRA PRADESH","POWDERY MILDEW MANAGEMENT IN TOMATO",nan,15.9241,80.1864
MUDDANUR,Vegetables,2019,12,23,Tomato,"Y S R ","Plant Protection",nan,HORTICULTURE,"ANDHRA PRADESH","POWDERY MILDEW MANAGEMENT",nan,15.9241,80.1864
MUDDANUR,Vegetables,2019,12,27,Tomato,"Y S R ","Plant Protection",nan,HORTICULTURE,"ANDHRA PRADESH","POWDERY MILDEW IN TOMATO",nan,15.9241,80.1864
RAMASAMUDRAM,Vegetables,2019,1,26,Tomato,CHITTOOR,"Plant Protection",nan,HORTICULTURE,"ANDHRA PRADESH","POWDERY MILDEW IN TOMATO","RECOMMENDED TO SPRAY MICLOBUTANIL  1 GRAM PER LITER OF WATER",13.2026,79.0032
CHOWDEPALLE,Vegetables,2019,3,30,Tomato,CHITTOOR,"Plant Protection",nan,HORTICULTURE,"ANDHRA PRADESH","POWDERY MILDEW IN TOMATO",nan,13.2026,79.0032
GURRAMKONDA,Vegetables,2019,4,17,Tomato,CHITTOOR,"Plant Protection",nan,HORTICULTURE,"ANDHRA PRADESH","TOMATO POWDERY MILDEW MANAGEMENT",nan,13.2026,79.0032
CHOWDEPALLE,Vegetables,2019,4,30,Tomato,CHITTOOR,"Plant Protection",nan,HORTICULTURE,"ANDHRA PRADESH","POWDERY MILDEW IN TOMATO",nan,13.2026,79.0032
PUTTUR,Vegetables,2019,4,30,Tomato,CHITTOOR,"Plant Protection",nan,HORTICULTURE,"ANDHRA PRADESH","POWDERY MILDEW",nan,13.2026,79.0032
VAYALPAD,Vegetables,2019,4,30,Tomato,CHITTOOR,"Plant Protection",nan,HORTICULTURE,"ANDHRA PRADESH","POWDERY MILDEW IN TOMATO",nan,13.2026,79.0032
VAYALPAD,Vegetables,2019,5,6,Tomato,CHITTOOR,"Plant Protection",nan,HORTICULTURE,"ANDHRA PRADESH","POWDERY MILDEW MANAGEMENT",nan,13.2026,79.0032
CHOWDEPALLE,Vegetables,2019,5,7,Tomato,CHITTOOR,"Plant Protection",nan,HORTICULTURE,"ANDHRA PRADESH","POWDERY MILDEW MANAGEMENT",nan,13.2026,79.0032
MADANAPALLE,Vegetables,2019,5,8,Tomato,CHITTOOR,"Plant Protection",nan,HORTICULTURE,"ANDHRA PRADESH","POWDERY MILDEW MANAGEMENT ",nan,13.2026,79.0032
SOMALA,Vegetables,2019,5,8,Tomato,CHITTOOR,"Plant Protection",nan,HORTICULTURE,"ANDHRA PRADESH","POWDERY MILDEW ",nan,13.2026,79.0032
PUNGANUR,Vegetables,2019,5,9,Tomato,CHITTOOR,"Plant Protection",nan,HORTICULTURE,"ANDHRA PRADESH","POWDERY MILDEW MANAGMENT",nan,13.2026,79.0032
PUNGANUR,Vegetables,2019,5,21,Tomato,CHITTOOR,"Plant Protection",nan,HORTICULTURE,"ANDHRA PRADESH","POWDERY MILDEW MANAGEMENT",nan,13.2026,79.0032
CHOWDEPALLE,Vegetables,2019,5,22,Tomato,CHITTOOR,"Plant Protection",nan,HORTICULTURE,"ANDHRA PRADESH","POWDERY MILDEW IN TOMATO",nan,13.2026,79.0032
BANGARUPALEM,Vegetables,2019,6,11,Tomato,CHITTOOR,"Plant Protection",nan,HORTICULTURE,"ANDHRA PRADESH","POWDERY MILDEW MANAGEMENT IN TOMATO",nan,13.2026,79.0032
KALIKIRI,Vegetables,2019,7,18,Tomato,CHITTOOR,"Plant Protection",nan,HORTICULTURE,"ANDHRA PRADESH","POWDERY MILDEW MANAGEMENT",nan,13.2026,79.0032
KURABALAKOTA,Vegetables,2019,7,28,Tomato,CHITTOOR,"Plant Protection",nan,HORTICULTURE,"ANDHRA PRADESH","TOMATO POWDERY MILDEW MANAGEMENT",nan,13.2026,79.0032
BKOTHAKOTA,Vegetables,2019,7,30,Tomato,CHITTOOR,"Plant Protection",nan,HORTICULTURE,"ANDHRA PRADESH","POWDERY MILDEW MANAGEMENT IN TOMATO",nan,13.2026,79.0032
YERRAVARIPALEM,Vegetables,2019,8,2,Tomato,CHITTOOR,"Plant Protection",nan,HORTICULTURE,"ANDHRA PRADESH","INFORMATION ABOUT TOMATO POWDERY MILDEW MANAGEMENT",nan,13.2026,79.0032
YERRAVARIPALEM,Vegetables,2019,8,6,Tomato,CHITTOOR,"Plant Protection",nan,HORTICULTURE,"ANDHRA PRADESH","POWDERY MILDEW MANAGEMENT",nan,13.2026,79.0032
PEDDATHIPPASAMUDRAM,Vegetables,2019,8,10,Tomato,CHITTOOR,"Plant Protection",nan,HORTICULTURE,"ANDHRA PRADESH","TOMATO Powdery mildew: Erysiphe cichoracearum MANAGEMENT",nan,13.2026,79.0032
PILER,Vegetables,2019,12,11,Tomato,CHITTOOR,"Plant Protection",nan,HORTICULTURE,"ANDHRA PRADESH","POWDERY MILDEW IN TOMATO",nan,13.2026,79.0032
BorobazarPart,Vegetables,2019,3,7,Tomato,BONGAIGAON,"Plant Protection",nan,HORTICULTURE,ASSAM,"ASKING ABOUT CONTROL MEASURE OF POWDERY MILDEW OF TOMATO",nan,26.48,90.558
BALH,Vegetables,2019,9,8,Tomato,MANDI,"Plant Protection",KHARIF,HORTICULTURE,"HIMACHAL PRADESH","Information regarding control of Powdery Mildew in Tomato",nan,31.6517,77.0093
CHAUPAL,Vegetables,2019,6,5,Tomato,SHIMLA,"Plant Protection",nan,HORTICULTURE,"HIMACHAL PRADESH","Information regarding control of Powdery Mildew in Tomato",nan,31.1042,77.171
"JUBBAL KOTKHAI",Vegetables,2019,6,20,Tomato,SHIMLA,"Plant Protection",nan,HORTICULTURE,"HIMACHAL PRADESH","Information regarding control of Powdery Mildew in tomato ",nan,31.1042,77.171
"JUBBAL KOTKHAI",Vegetables,2019,7,17,Tomato,SHIMLA,"Plant Protection",nan,HORTICULTURE,"HIMACHAL PRADESH","Information regarding control of Powdery Mildew in Tomato",nan,31.1042,77.171
"JUBBAL KOTKHAI",Vegetables,2019,7,18,Tomato,SHIMLA,"Plant Protection",nan,HORTICULTURE,"HIMACHAL PRADESH","Information regarding control of Powdery Mildew in Pea",nan,31.1042,77.171
RAJGARH,Vegetables,2019,5,30,Tomato,SIRMAUR,"Plant Protection",nan,HORTICULTURE,"HIMACHAL PRADESH","Information regarding control of Powdery Mildew in Tomato",nan,30.6991,77.4465
PACHHAD,Vegetables,2019,6,7,Tomato,SIRMAUR,"Plant Protection",nan,HORTICULTURE,"HIMACHAL PRADESH","Information regarding control of Powdery Mildew in Tomato",nan,30.6991,77.4465
SANGRAH,Vegetables,2019,7,12,Tomato,SIRMAUR,"Plant Protection",nan,HORTICULTURE,"HIMACHAL PRADESH","Information regarding control of Powdery Mildew  downy mildew in Tomato",nan,30.6991,77.4465
NALAGARH,Vegetables,2019,6,3,Tomato,SOLAN,"Plant Protection",nan,HORTICULTURE,"HIMACHAL PRADESH","Information regarding control of Powdery Mildew in Tomato",nan,30.9078,77.1024
KANDAGHAT,Vegetables,2019,10,13,Tomato,SOLAN,"Plant Protection",nan,HORTICULTURE,"HIMACHAL PRADESH","Information regarding control of powdery Mildew in tomato ",nan,30.9078,77.1024
KUDLIGI,Vegetables,2019,3,25,Tomato,BELLARY,"Plant Protection",nan,HORTICULTURE,KARNATAKA,"Asked about control of powdery mildew disease in tomato",nan,15.1434,76.9194
CHALLAKERE,Vegetables,2019,1,30,Tomato,CHITRADURGA,"Plant Protection",nan,HORTICULTURE,KARNATAKA,"Powdery mildewSmall sized ashy white fungal growth on leaves under severe infestation drying of leaves","Spray 20 g ChlorothalonilOR10 g Carbendazim or 15 g Dinocap in a lit water 200 lit spray solution requiredacreIf disease persist spray at a",14.3049,76.5297
CHALLAKERE,Vegetables,2019,1,30,Tomato,CHITRADURGA,"Plant Protection",nan,HORTICULTURE,KARNATAKA,"Asked about plant protection  IN TOMATO LEAF SPOT DISEASE AND POWDERY MILDEW","Recommended to spray 20 g Carbendazim 50 WP 250 lit spray solution requiredacre for leaf spot diseaseFOR POWDERY MILDEW Spray 30 g Wettable sulphur 80WP",14.3049,76.5297
HOLALKERE,Vegetables,2019,4,30,Tomato,CHITRADURGA,"Plant Protection",nan,HORTICULTURE,KARNATAKA,"Asked about Plant Protection in Tomato powdery mildew management",nan,14.3049,76.5297
KOLAR,Vegetables,2019,4,24,Tomato,KOLAR,"Plant Protection",nan,HORTICULTURE,KARNATAKA,"Powdery mildew White powdery fungal growth on leaves",nan,13.1805,78.2669
CHAMARAJANAGAR,Vegetables,2019,5,20,Tomato,CHAMARAJANAGAR,"Plant Protection",nan,HORTICULTURE,KARNATAKA,"asked about powdery mildew of tomato ",nan,11.9544,77.1069
CHICHOLI,Vegetables,2019,2,9,Tomato,BETUL,"Plant Protection",nan,HORTICULTURE,"MADHYA PRADESH","Farmer want to know how to control powdery mildew in tomato  crop ","For the control of frost  in the Dear Kisan tomato  crop let the perfume sulfur per 2 g  liter water",21.8797,77.8754
BHIMPUR,Vegetables,2019,8,19,Tomato,BETUL,"Plant Protection",nan,HORTICULTURE,"MADHYA PRADESH","farmer wants to control powdery mildew in tomato crop ",nan,21.8797,77.8754
NIPHAD,Vegetables,2019,3,23,Tomato,NASIK,"Plant Protection",nan,HORTICULTURE,MAHARASHTRA,"FARMER ASK ABOUT POWDERY MILDEW ON TOMATO",nan,19.9613,73.8317
KALWAN,Vegetables,2019,6,3,Tomato,NASIK,"Plant Protection",nan,HORTICULTURE,MAHARASHTRA,"Attack of Powdery Mildew on Tomato ",nan,19.9613,73.8317
NIPHAD,Vegetables,2019,8,5,Tomato,NASIK,"Plant Protection",nan,HORTICULTURE,MAHARASHTRA,"Asked about Blight and Powdery mildew on Tomato  ",nan,19.9613,73.8317
CHANDWAD,Vegetables,2019,8,10,Tomato,NASIK,"Plant Protection",nan,HORTICULTURE,MAHARASHTRA,"TOMATO POWDERY MILDEW ",nan,19.9613,73.8317
SINNAR,Vegetables,2019,8,21,Tomato,NASIK,"Plant Protection",nan,HORTICULTURE,MAHARASHTRA,"FARMER ASKED ABOUT POWDERY MILDEW ATTACK ON TOMATOBLOCK SINNARNASIK ",nan,19.9613,73.8317
BAGLAN,Vegetables,2019,9,17,Tomato,NASIK,"Plant Protection",nan,HORTICULTURE,MAHARASHTRA,"FARMER ASKED ABOUT POWDERY MILDEW ATTACK ON TOMATO",nan,19.9613,73.8317
DINDORI,Vegetables,2019,9,27,Tomato,NASIK,"Plant Protection",nan,HORTICULTURE,MAHARASHTRA,"FARMER ASKED ABOUT POWDERY MILDEW ON TOMATO ",nan,19.9613,73.8317
YEOLA,Vegetables,2019,9,29,Tomato,NASIK,"Plant Protection",nan,HORTICULTURE,MAHARASHTRA,"Attack of powdery mildew on Tomato ",nan,19.9613,73.8317
CHALISGAON,Vegetables,2019,4,6,Tomato,JALGAON,"Plant Protection",nan,HORTICULTURE,MAHARASHTRA,"FARMER ASKED ABOUT TOMATO POWDERY MILDEW ",nan,20.8429,75.5261
DHARANGAON,Vegetables,2019,4,27,Tomato,JALGAON,"Plant Protection",nan,HORTICULTURE,MAHARASHTRA,"POWDERY MILDEW ON TOMATO   ",nan,20.8429,75.5261
PAROLA,Vegetables,2019,9,23,Tomato,JALGAON,"Plant Protection",nan,HORTICULTURE,MAHARASHTRA,"FARMER ASKED ABOUT FUNGAL ATTACK POWDERY MILDEW IN TOMATO CROP    ",nan,20.8429,75.5261
JAMNER,Vegetables,2019,12,27,Tomato,JALGAON,"Plant Protection",nan,HORTICULTURE,MAHARASHTRA,"ATTACK OF POWDERY MILDEW ON TOMATO CROP   ",nan,20.8429,75.5261
RAHURI,Vegetables,2019,6,13,Tomato,AHMADNAGAR,"Plant Protection",nan,HORTICULTURE,MAHARASHTRA,"farmer asked about powdery mildew in tomato  ",nan,19.0744,74.722
RAHURI,Vegetables,2019,6,19,Tomato,AHMADNAGAR,"Plant Protection",nan,HORTICULTURE,MAHARASHTRA,"POWDERY MILDEW ON  TOMATO   ",nan,19.0744,74.722
SANGAMNER,Vegetables,2019,7,17,Tomato,AHMADNAGAR,"Plant Protection",nan,HORTICULTURE,MAHARASHTRA,"ASKED ABOUT ATTACK OF POWDERY MILDEW ON TOMATO  ",nan,19.0744,74.722
SANGAMNER,Vegetables,2019,8,2,Tomato,AHMADNAGAR,"Plant Protection",nan,HORTICULTURE,MAHARASHTRA,"asked about attack of powdery mildew in tomato ",nan,19.0744,74.722
MULSHI,Vegetables,2019,6,4,Tomato,PUNE,"Plant Protection",nan,HORTICULTURE,MAHARASHTRA,"FARMER ASKED ABOUT POWDERY MILDEW ON TOMATO ",nan,18.5214,73.8545
KHANDALA,Vegetables,2019,6,7,Tomato,SATARA,"Plant Protection",nan,HORTICULTURE,MAHARASHTRA,"Attack of Powdery Mildew on Tomato ",nan,17.6361,74.2983
VALVA-ISLAMPUR,Vegetables,2019,8,3,Tomato,SANGLI,"Plant Protection",nan,HORTICULTURE,MAHARASHTRA,"POWDERY MILDEW  ON TOMOTO  ",nan,17.1727,74.5868
VALVA-ISLAMPUR,Vegetables,2019,8,5,Tomato,SANGLI,"Cultural Practices",nan,HORTICULTURE,MAHARASHTRA,"Asked about Blight and Powdery mildew on Tomato  ",nan,17.1727,74.5868
KADEGAON,Vegetables,2019,10,16,Tomato,SANGLI,"Plant Protection",nan,HORTICULTURE,MAHARASHTRA,"ASKED ABOUT ATTACK OF  POWDERY MILDEW ON TOMATO ",nan,17.1727,74.5868
KADEGAON,Vegetables,2019,10,16,Tomato,SANGLI,"Plant Protection",nan,HORTICULTURE,MAHARASHTRA,"ASKED ABOUT ATTACK OF  POWDERY MILDEW ON TOMATO ",nan,17.1727,74.5868
KADEGAON,Vegetables,2019,10,16,Tomato,SANGLI,"Plant Protection",nan,HORTICULTURE,MAHARASHTRA,"ASKED ABOUT ATTACK OF  POWDERY MILDEW ON TOMATO ",nan,17.1727,74.5868
KADEGAON,Vegetables,2019,10,16,Tomato,SANGLI,"Plant Protection",nan,HORTICULTURE,MAHARASHTRA,"ASKED ABOUT ATTACK OF  POWDERY MILDEW ON TOMATO ",nan,17.1727,74.5868
KADEGAON,Vegetables,2019,10,16,Tomato,SANGLI,"Plant Protection",nan,HORTICULTURE,MAHARASHTRA,"ASKED ABOUT ATTACK OF  POWDERY MILDEW ON TOMATO ",nan,17.1727,74.5868
KADEGAON,Vegetables,2019,10,16,Tomato,SANGLI,"Plant Protection",nan,HORTICULTURE,MAHARASHTRA,"ASKED ABOUT ATTACK OF  POWDERY MILDEW ON TOMATO ",nan,17.1727,74.5868
KADEGAON,Vegetables,2019,10,16,Tomato,SANGLI,"Plant Protection",nan,HORTICULTURE,MAHARASHTRA,"ASKED ABOUT ATTACK OF  POWDERY MILDEW ON TOMATO ",nan,17.1727,74.5868
SANGOLA,Vegetables,2019,3,6,Tomato,SOLAPUR,"Plant Protection",nan,HORTICULTURE,MAHARASHTRA,"ASKED ABOUT POWDERY MILDEW ON TOMATO ",nan,17.8499,75.2763
SANGOLA,Vegetables,2019,9,9,Tomato,SOLAPUR,"Plant Protection",nan,HORTICULTURE,MAHARASHTRA,"Powdery Mildew and leaf miner in Tomato crop ",nan,17.8499,75.2763
MOHOL,Vegetables,2019,9,13,Tomato,SOLAPUR,"Plant Protection",nan,HORTICULTURE,MAHARASHTRA,"ASKING ABOUT ATTACK OF POWDERY MILDEW  ON TOMATO ",nan,17.8499,75.2763
GADHINGLAJ,Vegetables,2019,5,7,Tomato,KOLHAPUR,"Plant Protection",nan,HORTICULTURE,MAHARASHTRA,"POWDERY MILDEW  ",nan,16.7028,74.2405
PHULAMBRI,Vegetables,2019,9,27,Tomato,AURANGABAD,"Plant Protection",nan,HORTICULTURE,MAHARASHTRA,"farmer ask about attack of  powdery mildew on tomato ",nan,19.8773,75.339
VAIJAPUR,Vegetables,2019,10,10,Tomato,AURANGABAD,"Plant Protection",nan,HORTICULTURE,MAHARASHTRA,"POWDERY MILDEW  on tomato  ",nan,19.8773,75.339
PHULAMBRI,Vegetables,2019,10,16,Tomato,AURANGABAD,"Plant Protection",nan,HORTICULTURE,MAHARASHTRA,"farmer asking information about powdery mildew  attack on tomato ",nan,19.8773,75.339
JALNA,Vegetables,2019,2,10,Tomato,JALNA,"Plant Protection",nan,HORTICULTURE,MAHARASHTRA,"FARMER ASKED  ABOUT ATTACK POWDERY MILDEW ON TOMATO  "," ATTACK POWDERY MILDEW ON TOMATO: Spray Blue copper -30 gm15 lit waterCOPPER OXYCHLORIDE 50 WP   SYNGENTA",19.9188,75.8709
LATUR,Vegetables,2019,1,11,Tomato,LATUR,"Plant Protection",nan,HORTICULTURE,MAHARASHTRA,"POWDERY MILDEW ON TOMATO  ","Spray Blue copper -30 gm15 lit waterCOPPER OXYCHLORIDE 50 WP SYNGENTA",18.3553,76.7549
AHEMADPUR,Vegetables,2019,8,5,Tomato,LATUR,"Plant Protection",nan,HORTICULTURE,MAHARASHTRA,"Asked about Blight and Powdery mildew on Tomato  ",nan,18.3553,76.7549
CHAKUR,Vegetables,2019,9,24,Tomato,LATUR,"Plant Protection",nan,HORTICULTURE,MAHARASHTRA,"ASKING ABOUT ATTACK OF  POWDERY MILDEW ON TOMATO CROP ",nan,18.3553,76.7549
CHAKUR,Vegetables,2019,9,24,Tomato,LATUR,"Plant Protection",nan,HORTICULTURE,MAHARASHTRA,"ASKING ABOUT ATTACK OF  POWDERY MILDEW ON TOMATO CROP",nan,18.3553,76.7549
SINDKHEDRAJA,Vegetables,2019,12,21,Tomato,BULDANA,"Plant Protection",nan,HORTICULTURE,MAHARASHTRA,"ASKING ABOUT ATTACK OF DOWNY BLIGHT OR POWDERY MILDEW ON tomato ",nan,20.5628,76.4087
HINGNA,Vegetables,2019,1,4,Tomato,NAGPUR,"Plant Protection",nan,HORTICULTURE,MAHARASHTRA,"ASKED ABOUT ATTACK OF POWDERY MILDEW ON TOMATO "," ATTACK OF POWDERY MILDEW ON TOMATOSPRAY SULPHUR 2 GM 1 LITER  WATER ",21.1498,79.0821
MAIRANG,Vegetables,2019,8,5,Tomato,"WEST KHASI HILLS","Plant Protection",KHARIF,HORTICULTURE,MEGHALAYA,"Asking about measures to be taken against the yellowing of ginger leaves and control measure of powdery mildew in tomato",nan,25.5814,91.0851
MAIRANG,Vegetables,2019,8,5,Tomato,"WEST KHASI HILLS","Plant Protection",KHARIF,HORTICULTURE,MEGHALAYA,"Asking about measures to be taken for the yellowing of Ginger leaves and control measures of powdery mildew in Tomato",nan,25.5814,91.0851
MAIRANG,Vegetables,2019,8,5,Tomato,"WEST KHASI HILLS","Plant Protection",KHARIF,HORTICULTURE,MEGHALAYA,"Asking about measures to be taken for the yellowing of Ginger leaves and control measures of powdery mildew in Tomato",nan,25.5814,91.0851
KARLAMUNDA,Vegetables,2019,3,24,Tomato,KALAHANDI,"Plant Protection",nan,HORTICULTURE,ODISHA,"Powdery Mildew in Tomato",nan,19.8266,83.0409
SAHARAPADA,Vegetables,2019,9,4,Tomato,KEONJHAR,"Plant Protection",nan,HORTICULTURE,ODISHA,"powdery mildew in tomato",nan,21.5,85.5
ATHMALLIK,Vegetables,2019,6,26,Tomato,ANUGUL,"Plant Protection",nan,HORTICULTURE,ODISHA,"Powdery mildew in pumpkin",nan,20.8411,85.0804
BHATLI,Vegetables,2019,1,19,Tomato,BARGARH,"Plant Protection",nan,HORTICULTURE,ODISHA," POWDERY MILDEW IN TOMATO","RECOMMENDED TO SPRAY SULFEX 4 GRAM PER LITRE OF WATER TO CONTROL POWDERY MILDEW IN TOMATO",21.232,83.5653
ANNUR,Vegetables,2019,10,9,Tomato,COIMBATORE,"Plant Protection",nan,HORTICULTURE,TAMILNADU,"Asking about Powdery Mildew management in tomato ",nan,11.0018,76.9628
ANNUR,Vegetables,2019,10,9,Tomato,COIMBATORE,"Plant Protection",nan,HORTICULTURE,TAMILNADU,"Asking about Powdery mildew management in Tomato ",nan,11.0018,76.9628
ODDANCHATRAM,Vegetables,2019,12,12,Tomato,DINDIGUL,"Plant Protection",nan,HORTICULTURE,TAMILNADU,"Asking about Powdery Mildew management in Tomato",nan,10.4257,77.8157
PINDRA,Vegetables,2019,4,3,Tomato,VARANASI,"Plant Protection",nan,HORTICULTURE,"UTTAR PRADESH","information for powdery mildew  control in tomato crop",nan,25.3356,83.0076
SAKRAN,Vegetables,2019,10,28,Tomato,SITAPUR,"Plant Protection",nan,HORTICULTURE,"UTTAR PRADESH","Powdery Mildew tomato crop",nan,27.5027,80.8335
NANOOR,Vegetables,2019,5,18,Tomato,BIRBHUM,"Plant Protection",nan,HORTICULTURE,"WEST BENGAL","ASKING ABOUT CONTROL OF POWDERY MILDEW  IN TOMATO ",nan,24.0622,87.6983
DZONGU,Vegetables,2019,4,14,Tomato,"NORTH DISTRICT","Plant Protection",nan,HORTICULTURE,SIKKIM,"ASKING ABOUT CONTROL OF POWDERY MILDEW IN TOMATO ",nan,27.6667,88.5
MASTURI,Vegetables,2019,1,19,Tomato,BILASPUR,"Plant Protection",nan,HORTICULTURE,CHHATTISGARH,"farmers want to know information about powdery mildew tomato ","information provided by the kisan call center  you can apply chlorothionil 75 syngenta company  25-30 gmpump for powdery mildew management",22.1638,82.1366
SAJA,Vegetables,2019,12,11,Tomato,Bemetara,"Plant Protection",nan,HORTICULTURE,CHHATTISGARH,"Farmer wants to know about control of Powdery Mildew Disease in Tomato",nan,21.6784,81.4413
CHURCHU,Vegetables,2019,6,7,Tomato,HAZARIBAGH,"Plant Protection",nan,HORTICULTURE,JHARKAND,"Powdery Mildew Symptoms in Chilly ",nan,24.0867,85.4912
BHANDRA,Vegetables,2019,6,14,Tomato,LOHARDAGA,"Seeds and Planting Material",nan,HORTICULTURE,JHARKAND,"Tomato variety  powdery mildew of bean ",nan,23.477,84.6987
CHITARPUR,Vegetables,2019,6,10,Tomato,RAMGARH,"Plant Protection",nan,HORTICULTURE,JHARKAND,"Powdery Mildew Symptoms",nan,23.6935,85.5216
OKHALKANDA,Vegetables,2019,6,9,Tomato,NAINITAL,"Plant Protection",nan,HORTICULTURE,UTTARAKHAND,"Powdery Mildew in tomato crop",nan,29.3905,79.4609
BHIMTAL,Vegetables,2019,8,16,Tomato,NAINITAL,"Plant Protection",nan,HORTICULTURE,UTTARAKHAND,"powdery mildew in tomato ",nan,29.3905,79.4609
NAINIDANDA,Vegetables,2019,9,29,Tomato,"PAURI GARHWAL","Plant Protection",nan,HORTICULTURE,UTTARAKHAND,"POWDERY MILDEW IN TOMATO",nan,29.8473,78.707
TELKAPALLE,Vegetables,2019,4,1,Tomato,NAGARKURNOOL,"Plant Protection",nan,HORTICULTURE,TELANGANA,"TOMATO POWDERY MILDEW",nan,16.4158,78.683
BHAINSA,Vegetables,2019,10,5,Tomato,NIRMAL,"Plant Protection",nan,HORTICULTURE,TELANGANA,"TOMATO POWDERY MILDEW MANAGEMENT",nan,19.0915,78.3966
RAIKODE,Vegetables,2019,2,27,Tomato,SANGAREDDY,"Plant Protection",nan,HORTICULTURE,TELANGANA,"Tomato Powdery mildew management",nan,17.8684,77.8227
BANTWARAM,Vegetables,2019,5,22,Tomato,VIKARABAD,"Post Harvest Management Cleaning Grading Packaging Food Processing Cool Chain etc",nan,HORTICULTURE,TELANGANA,"powdery mildew in tomato ",nan,17.2703,77.7453
BHAMINI,Vegetables,2020,12,25,Tomato,SRIKAKULAM,"Plant Protection",nan,HORTICULTURE,"ANDHRA PRADESH","POWDERY MILDEW IN TOMATO","  200     200         ",18.2949,83.8939
ARDHAVEEDU,Vegetables,2020,11,19,Tomato,PRAKASAM,"Plant Protection",nan,HORTICULTURE,"ANDHRA PRADESH","POWDERY MILDEW IN TOMATO ","RECOMMENDED TO SPRAY METALAXYL   RIDOMIL 200 GRAMS  200 LITRES OF WATER ACRE       200     200          ",15.6643,79.4733
LINGASAMUDRAM,Vegetables,2020,11,21,Tomato,PRAKASAM,"Plant Protection",nan,HORTICULTURE,"ANDHRA PRADESH","powdery mildew in tomato ","--RECOMMENDED TO SPRAY METALAXYL   RIDOMIL 200 GRAMS  200 LITRES OF WATER ACRE       200     200          ",15.6643,79.4733
BELUGUPPA,Vegetables,2020,7,24,Tomato,ANANTPUR,"Plant Protection",nan,HORTICULTURE,"ANDHRA PRADESH","powdery mildew in tomato ","RECOMMENDED TO SPRAY METALAXYL CHLOROTHALONIL FOLIO GOLD 500 ML200 LITRES OF WATER ACRE          500     200       RECOMMENDED TO SPRAY FLONICAMID ULALA 75 GRAMS 200 LITRES OF WATER  ACRE    75     200          ",13.5747,78.5029
KALYANDRUG,Vegetables,2020,8,30,Tomato,ANANTPUR,"Plant Protection",nan,HORTICULTURE,"ANDHRA PRADESH","POWDERY MILDEW ","RECOMMENDED TO SPRAY DINOCAP  200 ML 200 LITRES OF WATER  ACRE    200     200        ",13.5747,78.5029
KALYANDRUG,Vegetables,2020,8,30,Tomato,ANANTPUR,"Plant Protection",nan,HORTICULTURE,"ANDHRA PRADESH","POWDERY MILDEW","RECOMMENDED TO SPRAY DINOCAP 200 ML 200 LITRES OF WATER  ACRE  200   200       ",13.5747,78.5029
GORANTLA,Vegetables,2020,9,3,Tomato,ANANTPUR,"Plant Protection",nan,HORTICULTURE,"ANDHRA PRADESH","TOMATO POWDERY MILDEW MANAGEMENT  ","   400     200       ",13.5747,78.5029
BELUGUPPA,Vegetables,2020,11,1,Tomato,ANANTPUR,"Plant Protection",nan,HORTICULTURE,"ANDHRA PRADESH","powdery mildew","RECOMMENDED TO SPRAY WETTABLE SULPHUR  THIOVIT 600 GRAMS200 LITRES OF WATER  ACRE         600     200          ",13.5747,78.5029
BRAHMASAMUDRAM,Vegetables,2020,11,23,Tomato,ANANTPUR,"Plant Protection",nan,HORTICULTURE,"ANDHRA PRADESH","POWDERY MILDEW MANAGEMENT IN TOMATO","       600     200          ",13.5747,78.5029
MUDIGUBBA,Vegetables,2020,11,29,Tomato,ANANTPUR,"Plant Protection",nan,HORTICULTURE,"ANDHRA PRADESH","powdery mildew "," 400   200         ",13.5747,78.5029
MUDIGUBBA,Vegetables,2020,11,29,Tomato,ANANTPUR,"Plant Protection",nan,HORTICULTURE,"ANDHRA PRADESH","powdery mildew in tomato","  200     200         ",13.5747,78.5029
MUDIGUBBA,Vegetables,2020,11,29,Tomato,ANANTPUR,"Plant Protection",nan,HORTICULTURE,"ANDHRA PRADESH","powdery mildew in tomato"," 200   200        ",13.5747,78.5029
CHAKRAYAPET,Vegetables,2020,1,26,Tomato,"Y S R ","Plant Protection",nan,HORTICULTURE,"ANDHRA PRADESH","powdery mildew and nutrient management","RECOMMENDED TO SPRAY  HEXACONAZOLE  CONTAF 400 ML 200 LITRES OF WATER  ACRE     400     200       Recommended AGROMINMAX 500 GM 1 ACRE 200 LITER OF WATERRECOMMENDED TO SPRAY FORMULA-4 600 GRAMS200 LITER OF WATER ACRE  -4 600    200      ",15.9241,80.1864
BANGARUPALEM,Vegetables,2020,3,17,Tomato,CHITTOOR,"Plant Protection",nan,HORTICULTURE,"ANDHRA PRADESH","POWDERY MILDEW IN TOMATO ","    240     200         200     200         ",13.2026,79.0032
MATIA,Vegetables,2020,9,24,Tomato,GOALPARA,"Plant Protection",nan,HORTICULTURE,ASSAM,"QUERY REGARDING POWDERY MILDEW IN TOMATO","SPRAY INDOFIL M-45  2 GRAMS  MIXED WITH 1 LITRE OF WATER FOR THREE TIMES AT AN INTERVAL OF 5 DAYS",26.0492,90.6002
RAPAR,Vegetables,2020,10,18,Tomato,KACHCHH,"Plant Protection",nan,HORTICULTURE,GUJARAT,"Ask about powdery mildew problem in Tomato crop  ","           10   65  WG 15 -20      ",23.5833,70
"PAONTA SAHIB",Vegetables,2020,6,19,Tomato,SIRMAUR,"Plant Protection",nan,HORTICULTURE,"HIMACHAL PRADESH","Information regarding control of Powdery Mildew in Tomato","        0 5    1        ",30.6991,77.4465
SANGRAH,Vegetables,2020,8,20,Tomato,SIRMAUR,"Plant Protection",nan,HORTICULTURE,"HIMACHAL PRADESH","Information regarding control of Powdery Mildew in Pea ","Use 19:19:19        05    05    1        ",30.6991,77.4465
DHARAMPUR,Vegetables,2020,7,2,Tomato,SOLAN,"Plant Protection",nan,HORTICULTURE,"HIMACHAL PRADESH","Information regarding control of Powdery Mildew in Tomato","        0 5    1        ",30.9078,77.1024
KUNIHAR,Vegetables,2020,9,19,Tomato,SOLAN,"Plant Protection",nan,HORTICULTURE,"HIMACHAL PRADESH","information regarding control of powdery mildew in tomato ","             05 ML  1        ",30.9078,77.1024
Kanakapura,Vegetables,2020,8,27,Tomato,RAMANAGARA,"Plant Protection",nan,HORTICULTURE,KARNATAKA,"Powdery mildew White powdery fungal growth on leaves","Spray 10 g Carbendazim 50 WPOR30 g Wettable sulphurlit water 15 days after transplantingRepeat the spray if required 15 daysinterval",12.72,77.3184
KIRNAPUR,Vegetables,2020,11,12,Tomato,BALAGHAT,"Plant Protection",nan,HORTICULTURE,"MADHYA PRADESH","Farmer needs information regarding control measure of fungal diseasepowdery mildew  in   tomato crop","             10    10-15        ",21.8612,80.3237
CHAURAI,Vegetables,2020,1,14,Tomato,CHHINDWARA,"Plant Protection",nan,HORTICULTURE,"MADHYA PRADESH","Farmer want to know information about how to control Powdery Mildew in Tomato Crop  ","               70   5  SC  30-35 ML       15     15        ",22.2072,78.7988
CHAURAI,Vegetables,2020,1,14,Tomato,CHHINDWARA,"Plant Protection",nan,HORTICULTURE,"MADHYA PRADESH","Farmer want to know information about how to control Powdery Mildew in Tomato Crop ","               70   5  SC  30-35 ML       15     15        ",22.2072,78.7988
SHIVPURI,Vegetables,2020,10,11,Tomato,SHIVPURI,"Plant Protection",nan,HORTICULTURE,"MADHYA PRADESH","farmer want to know information control of powdery mildew in pea crop ","                 80  30   15       ",25.3741,77.8279
JAMNER,Vegetables,2020,1,2,Tomato,JALGAON,"Plant Protection",nan,HORTICULTURE,MAHARASHTRA,"ATTACK OF POWDERY MILDEW ON TOMATO CROP ","     -           WP ",20.8429,75.5261
CHOPDA,Vegetables,2020,1,28,Tomato,JALGAON,"Plant Protection",nan,HORTICULTURE,MAHARASHTRA,"asked about attack of powdery mildew in tomato","              ",20.8429,75.5261
SANGAMNER,Vegetables,2020,3,12,Tomato,AHMADNAGAR,"Plant Protection",nan,HORTICULTURE,MAHARASHTRA,"ASKED ABOUT ATTACK OF POWDERY MILDEW ON TOMATO  ","     -               ",19.0744,74.722
MIRAJ,Vegetables,2020,10,18,Tomato,SANGLI,"Plant Protection",nan,HORTICULTURE,MAHARASHTRA,"FARMER ASKED ABOUT POWDERY MILDEW ON TOMATO  ","   - 25  15       250 EC ",17.1727,74.5868
MIRAJ,Vegetables,2020,10,24,Tomato,SANGLI,"Plant Protection",nan,HORTICULTURE,MAHARASHTRA,"FARMER ASKED ABOUT POWDERY MILDEW ON TOMATO ","    -       WP -             ",17.1727,74.5868
VAIJAPUR,Vegetables,2020,1,1,Tomato,AURANGABAD,"Plant Protection",nan,HORTICULTURE,MAHARASHTRA,"FARMER ASKED ABOUT ATTACK OF POWDERY MILDEW ON TOMATO ","      30      ",19.8773,75.339
NILANGA,Vegetables,2020,1,18,Tomato,LATUR,"Plant Protection",nan,HORTICULTURE,MAHARASHTRA,"FARMER ASKED ABOUT ATTACK OF DOWNY BLIGHT OR POWDERY MILDEW ON"," 45       ",18.3553,76.7549
AUSA,Vegetables,2020,8,25,Tomato,LATUR,"Plant Protection",nan,HORTICULTURE,MAHARASHTRA,"Farmer asked about Control of attack of Powdery mildew on Tomato","     -   80  WP - 30   15        ",18.3553,76.7549
LOISINGA,Vegetables,2020,1,17,Tomato,BALANGIR,"Plant Protection",nan,HORTICULTURE,ODISHA,"Powdery mildew in tomato ","Recommended to spray Wettable sulhur  800gacer200liter 4g1liter of water to control powdery mildew in tomato",20.6095,83.1673
BANKI,Vegetables,2020,2,16,Tomato,CUTTACK,"Plant Protection",nan,HORTICULTURE,ODISHA,"sucking pest infestation   powdery mildew in tomato","Recommended to spray  Bifenthrin 10  EC   400 ml per 200 litre of water per acre of land  2 ml per litre to control sucking pest infestationRecommended to spray  Azoxystrobin  23 Sc  1ml Per 1 Litre of Water to control powdery mildew in tomato",20.4686,85.8792
BARANGA,Vegetables,2020,2,18,Tomato,CUTTACK,"Plant Protection",nan,HORTICULTURE,ODISHA,"Powdery mildew in Tomato","      Azoxystrobin 23 SC      ",20.4686,85.8792
"NISCHINTA KOILI",Vegetables,2020,3,5,Tomato,CUTTACK,"Plant Protection",nan,HORTICULTURE,ODISHA,"powdery mildew in Tomato  ","Recommended to spray Spinosad 45  SC  spintor   5 ml   15 ltr of water after  7-10 days spray neem oil  015   45 ml  15 ltr of water to control Leaf miner in Cowpea ",20.4686,85.8792
ATHAGAD,Vegetables,2020,12,26,Tomato,CUTTACK,"Plant Protection",nan,HORTICULTURE,ODISHA,"Tomato Powdery mildew","Recommended to spray Hexaconazole 5 EC  400 ml per 200 litre of water per acre of land in Tomato",20.4686,85.8792
MANESWAR,Vegetables,2020,3,4,Tomato,SAMBALPUR,"Plant Protection",nan,HORTICULTURE,ODISHA,"Powdery mildew in tomato","Recommended to spray Azoxystrobin 23 SC  200 ml in 200 Litre water per acre  1ml in 1 Litre water and Fosetyl aluminiumAliette   400 gm in 200 Litre water per acre  2gm in 1 Litre water to control Powdery mildew in tomato",21.5571,84.1529
BHANDARIPOKHARI,Vegetables,2020,3,1,Tomato,BHADRAK,"Plant Protection",nan,HORTICULTURE,ODISHA,"Powdery mildew in Tomato","      Azoxystrobin 23 SC      ",20.9854,86.5934
BHANDARIPOKHARI,Vegetables,2020,3,1,Tomato,BHADRAK,"Plant Protection",nan,HORTICULTURE,ODISHA,"Powdery mildew in Tomato","      Azoxystrobin   SC               ",20.9854,86.5934
DASARATHAPUR,Vegetables,2020,3,16,Tomato,JAJAPUR,"Plant Protection",nan,HORTICULTURE,ODISHA,"Powdery mildew in Tomato","Recommended to spray Wettable sulphur 80 WP  800 g per 200 litre of water per 1 acre of land 4 g Per 1 Litre to control Powdery mildew in Tomato ",20.8278,86.3798
KEKRI,Vegetables,2020,3,11,Tomato,AJMER,"Plant Protection",nan,HORTICULTURE,RAJASTHAN," CONTROL OF POWDERY MILDEW DISEASE IN TOMATO ","            1          ",26.4691,74.639
GARHI,Vegetables,2020,12,8,Tomato,BANSWARA,"Plant Protection",nan,HORTICULTURE,RAJASTHAN,"TELL ME POWDERY MILDEW CONTROL IN PEA ","PEA           1          ",23.4915,74.3502
NAGAUR,Vegetables,2020,3,8,Tomato,NAGAUR,"Plant Protection",nan,HORTICULTURE,RAJASTHAN,"TELL ME  CONTROL OF POWDERY MILDEW DISEASE IN TOMATO ","            1          ",26.9873,73.7389
ALATHUR,Vegetables,2020,10,12,Tomato,PERAMBALUR,"Plant Protection",nan,HORTICULTURE,TAMILNADU,"Asking about powdery mildew management of tomato ",":     : :   10 ml      ",11.2903,78.93
CHAWMANU,Vegetables,2020,2,19,Tomato,DHALAI,"Plant Protection",nan,HORTICULTURE,TRIPURA,"Asking about the powdery mildew on tomato leaves","           WETTABLE SULPHUR POWDER                ",23.8253,91.9732
GANGIRI,Vegetables,2020,9,5,Tomato,ALIGARH,"Plant Protection",nan,HORTICULTURE,"UTTAR PRADESH","Information about Powdery Mildew problem in tometo crop","         5  400ml     150         ",27.8761,78.1358
HASANGANJ,Vegetables,2020,1,5,Tomato,UNNAO,"Plant Protection",nan,HORTICULTURE,"UTTAR PRADESH","how to control powdery mildew in tomato ","  70  200    200       ",26.5673,80.6198
HASANGANJ,Vegetables,2020,1,10,Tomato,UNNAO,"Plant Protection",nan,HORTICULTURE,"UTTAR PRADESH","Powdery Mildew Problem In Tomato Crop ","     80 WP 400-500  200          ",26.5673,80.6198
LALGANJ,Vegetables,2020,2,18,Tomato,RAEBARELI,"Plant Protection",nan,HORTICULTURE,"UTTAR PRADESH","Information about powdery mildew problem in tomato","       Carbendazim 12  Mancozeb 63 WP 400     200        ",26.2087,81.2186
"RAMPUR MATHURA",Vegetables,2020,1,18,Tomato,SITAPUR,"Plant Protection",nan,HORTICULTURE,"UTTAR PRADESH","Powdery Mildew problem in tomato crop","     Hexaconazole 5 EC 400    200       ",27.5027,80.8335
BIKAPUR,Vegetables,2020,1,22,Tomato,FAIZABAD,"Plant Protection",nan,HORTICULTURE,"UTTAR PRADESH","Information about powdery mildew control in tomato crop","       Carbendazim 12 Mancozeb 63 WP  400     200        ",26.7789,82.1427
NAGWA,Vegetables,2020,9,19,Tomato,SONBHADRA,"Plant Protection",nan,HORTICULTURE,"UTTAR PRADESH","information about powdery mildew  disease control in tomato crop","       wp   -    -          ",24.4148,83.0638
Kasganj,Vegetables,2020,12,22,Tomato,"KANSHIRAM NAGAR","Plant Protection",nan,HORTICULTURE,"UTTAR PRADESH","Give information about powdery mildew disease of tomato ","       Hexaconazole 5 EC  300 ml   200              ",27.1303,80.8597
HALDIBARI,Vegetables,2020,1,29,Tomato,"Cooch BIHAR","Plant Protection",nan,HORTICULTURE,"WEST BENGAL","ASKING ABOUT THE CONTROL OF POWDERY MILDEW IN TOMATO","  PROPICONAZOLE 25 EC      ",26.3224,89.4592
HALDIBARI,Vegetables,2020,2,28,Tomato,"Cooch BIHAR","Plant Protection",nan,HORTICULTURE,"WEST BENGAL","CONTROL OF POWDERY MILDEW IN  TOMATO ","   AZOXYSTROBIN 23  SC           ",26.3224,89.4592
DINHATA-II,Vegetables,2020,3,16,Tomato,"Cooch BIHAR","Plant Protection",nan,HORTICULTURE,"WEST BENGAL","ASKING ABOUT CONTROL OF POWDERY MILDEW IN TOMATO"," :                  32      18      11   ",26.3224,89.4592
DINHATA-II,Vegetables,2020,3,17,Tomato,"Cooch BIHAR","Plant Protection",nan,HORTICULTURE,"WEST BENGAL","CONTROL OF POWDERY MILDEW IN TOMATO","   CHLOROTHALONIL 75 WP             ",26.3224,89.4592
SLOHARA,Vegetables,2020,10,28,Tomato,KABEERDHAM,"Plant Protection",nan,HORTICULTURE,CHHATTISGARH,"Farmer wants to know about control of Powdery Mildew Disease in Tomato Crop ","                 25   10      400        150  200             ",21.6637,81.8406
BALUMATH,Vegetables,2020,10,13,Tomato,LATEHAR,"Plant Protection",nan,HORTICULTURE,JHARKAND,"farmer asked query on powdery mildew on tomato","--      3  1        I",23.688,84.497
PATRATU,Vegetables,2020,11,3,Tomato,RAMGARH,"Plant Protection",nan,HORTICULTURE,JHARKAND,"control of powdery mildew in tomato","             2  1         7     I",23.6935,85.5216
HALDWANI,Vegetables,2020,12,9,Tomato,NAINITAL,"Plant Protection",nan,HORTICULTURE,UTTARAKHAND,"can we use FamoxadoneCymoxanil 221 sc in tomato crop for control of powdery mildew"," FamoxadoneCymoxanil 221 sc                   ",29.3905,79.4609
RUDRAPUR,Vegetables,2020,1,22,Tomato,"UDHAM SINGH NAGAR","Plant Protection",nan,HORTICULTURE,UTTARAKHAND,"POWDERY MILDEW IN TOMATO ",nan,29.0478,79.4326
MUDHOLE,Vegetables,2020,3,11,Tomato,NIRMAL,"Plant Protection",nan,HORTICULTURE,TELANGANA,"tomato powdery mildew management ",nan,19.0915,78.3966
AMARCHINTLA,Vegetables,2020,3,9,Tomato,WANAPARTHY,"Plant Protection",nan,HORTICULTURE,TELANGANA,"MANAGEMENT OF TOMATO POWDERY MILDEW ",nan,16.2853,77.9865
ACHUTAPURAM,Vegetables,2021,3,17,Tomato,VISAKHAPATNAM,"Plant Protection",nan,HORTICULTURE,"ANDHRA PRADESH","POWDERY MILDEW IN TOMATO ","RECOMMENDED TO SPRAY METALAXYL   RIDOMIL 200 GRAMS  200 LITRES OF WATER ACRE     200     200          ",17.6936,83.2921
TUGGALI,Vegetables,2021,11,5,Tomato,KURNOOL,"Plant Protection",nan,HORTICULTURE,"ANDHRA PRADESH","FARMER ASKED QUERY ON POWDERY MILDEW MANAGEMENT IN TOMATO","RECOMMENDED TO SPRAY HEXACONAZOLE CONTAF 400 ML 200 LITRES OF WATER  ACRE     400     200       ",15.8309,78.0425
KANAGANAPALLE,Vegetables,2021,1,23,Tomato,ANANTPUR,"Plant Protection",nan,HORTICULTURE,"ANDHRA PRADESH","powdery mildew","RECOMMENDED TO SPRAY  WATER SOLUBLE SULPHUR 600 GRAMS200 LITRES OF WATER  ACRE          600     200          ",13.5747,78.5029
GUMMAGATTA,Vegetables,2021,1,26,Tomato,ANANTPUR,"Plant Protection",nan,HORTICULTURE,"ANDHRA PRADESH","powdery mildew management in tomato","Recommended to spray Myclobutanil Index  150gm acre ",13.5747,78.5029
PORUMAMILLA,Vegetables,2021,2,4,Tomato,"Y S R ","Plant Protection",nan,HORTICULTURE,"ANDHRA PRADESH","powdery mildew management in tomato  ","RECOMMENDED TO SPRAY  HEXACONAZOLE  CONTAF 400 ML 200 LITRES OF WATER  ACRE     400     200       ",15.9241,80.1864
"GANGADHARA NELLORE",Vegetables,2021,4,2,Tomato,CHITTOOR,"Plant Protection",nan,HORTICULTURE,"ANDHRA PRADESH","powdery mildew in tomato","RECOMMENDED TO SPRAY HEXACONAZOLEZINEB AVTAR 500 GRAMS  150 LITRES OF WATER ACRE           500  150          ",13.2026,79.0032
HAJO,Vegetables,2021,1,18,Tomato,KAMRUP,"Plant Protection",nan,HORTICULTURE,ASSAM,"QUERY ABOUT POWDERY MILDEW","SPRAY RIDOMIL GOLD OR SAAF  2GLITRE OF WATER FOR 3 TIMES AT 5 DAYS INTERVAL",26.1469,91.2227
"DEHRA GOPIPUR",Vegetables,2021,4,19,Tomato,KANGRA,"Cultural Practices",nan,HORTICULTURE,"HIMACHAL PRADESH","Information regarding control of Powdery Mildew in Tomato","        0 5    1        ",32.0769,76.2986
DRANG,Vegetables,2021,9,30,Tomato,MANDI,"Plant Protection",nan,HORTICULTURE,"HIMACHAL PRADESH","Information regarding control of Powdery Mildew in Tomato","        0 5    1        ",31.6517,77.0093
KANDAGHAT,Vegetables,2021,3,14,Tomato,SOLAN,"Plant Protection",nan,HORTICULTURE,"HIMACHAL PRADESH","Information regarding control of Powdery Mildew in Pea ","        05    05    -80  2         ",30.9078,77.1024
KANNUR,Vegetables,2021,3,7,Tomato,KANNUR,"Plant Protection",nan,HORTICULTURE,KERALA,"Management of powdery mildew in tomato ","Maintain proper health of the plant Spray pseudomonas fluorescens 20 g in one litre of water or Spray Carbendazim 50 WP 1 gram in one litre of water",11.8764,75.3738
SAGAR,Vegetables,2021,5,10,Tomato,SAGAR,"Plant Protection",nan,HORTICULTURE,"MADHYA PRADESH","farmer want to know information control of powdery mildew in tomato crop ","                80  30   15       ",23.8083,78.7583
KOPARGAON,Vegetables,2021,3,18,Tomato,AHMADNAGAR,"Plant Protection",nan,HORTICULTURE,MAHARASHTRA,"FARMER ASKED ABOUT FOR CONTROL ATTACK OF POWDERY MILDEW ON TOMATO CROP ","     :-              ",19.0744,74.722
MIRAJ,Vegetables,2021,10,2,Tomato,SANGLI,"Plant Protection",nan,HORTICULTURE,MAHARASHTRA,"FARMER ASKED ABOUT ATTACK OF DOWNY BLIGHT OR POWDERY MILDEW ON  TOMATO  ","  07       ",17.1727,74.5868
KARMALA,Vegetables,2021,12,22,Tomato,SOLAPUR,"Plant Protection",nan,HORTICULTURE,MAHARASHTRA,"Attack of Powdery mildew on Tomato "," -      07      ",17.8499,75.2763
BADNAPUR,Vegetables,2021,10,23,Tomato,JALNA,"Plant Protection",nan,HORTICULTURE,MAHARASHTRA,"FARMER ASKED ABOUT ATTACK OF DOWNY BLIGHT OR POWDERY MILDEW ON TOMATO ","  45       ",19.9188,75.8709
"SHIRUR  KA ",Vegetables,2021,12,6,Tomato,BEED,"Plant Protection",nan,HORTICULTURE,MAHARASHTRA,"FARMER ASKED ABOUT ATTACK OF DOWNY BLIGHT OR POWDERY MILDEW ON TOMATO","  07       ",18.9918,75.9098
JALGAONJAMOD,Vegetables,2021,10,7,Tomato,BULDANA,"Nutrient Management",nan,HORTICULTURE,MAHARASHTRA,"FARMER ASKED ABOUT POWDERY MILDEW  ON TOMATO  ","  - -      WP -       ",20.5628,76.4087
NILGIRI,Vegetables,2021,3,6,Tomato,BALASORE,"Plant Protection",nan,HORTICULTURE,ODISHA,"Powdery mildew in tomato ","Advised to spray Roko  Thiophanate methyl 70  WP 400 gm per 200 litres of water per acre of land for effective control of Powdery mildew in tomato ",21.5006,86.9199
PATNAGARH,Vegetables,2021,3,12,Tomato,BALANGIR,"Plant Protection",nan,HORTICULTURE,ODISHA,"Powdery mildew in tomato ","Recommended to spray azoxystrobin 23 SC  200 ml per 200 litre of water per 1 acre of land  for Powdery mildew in tomato ",20.6095,83.1673
JUJOMURA,Vegetables,2021,1,23,Tomato,SAMBALPUR,"Plant Protection",nan,HORTICULTURE,ODISHA,"Powdery mildew in Tomato","Recommended to spray wettable Sulphur Sulfex  800gm with 200 liter of water per acre for control of Powdery mildew in Tomato",21.5571,84.1529
RENGALI,Vegetables,2021,1,25,Tomato,SAMBALPUR,"Plant Protection",nan,HORTICULTURE,ODISHA,"Powdery mildew in tomato","--Advised to spray Thiophanate-methyl 70 WP400gm per 200 litres of water per acre of land 2gm per litre of water",21.5571,84.1529
KUJANG,Vegetables,2021,3,8,Tomato,JAGATSINGHAPUR,"Plant Protection",nan,HORTICULTURE,ODISHA,"Powdery mildew in Tomato","Recommended to spray wettable sulphur Sulfex  4 gram per litre of water for control of Powdery mildew in Tomato",20.1801,86.3415
KUJANG,Vegetables,2021,12,19,Tomato,JAGATSINGHAPUR,"Plant Protection",nan,HORTICULTURE,ODISHA,"Powdery mildew in Tomato","Recommended to spray Wettable sulphur 80 WP  800 g per 200 litre of water per 1 acre of land 4 g Per 1 Litre to control Powdery mildew in Tomato",20.1801,86.3415
RENI,Vegetables,2021,10,12,Tomato,ALWAR,"Plant Protection",nan,HORTICULTURE,RAJASTHAN,"TELL ME CONTROL OF POWDERY MILDEW DISEASE IN MUSTARD  ","           1          ",27.414,76.617
GANGAVALLI,Vegetables,2021,4,1,Tomato,SALEM,"Plant Protection",nan,HORTICULTURE,TAMILNADU,"Asking about powdery mildew management in tomato "," :       :   25      ",11.647,78.2107
DHARMAPURI,Vegetables,2021,1,19,Tomato,DHARMAPURI,"Plant Protection",nan,HORTICULTURE,TAMILNADU,"Asking about fruit rot  powdery mildew management in tomato"," :            :  2        ",12.1456,78.1132
NIZAMPATNAM,Vegetables,2022,1,11,Tomato,GUNTUR,"Plant Protection",nan,HORTICULTURE,"ANDHRA PRADESH","FARMER ASKED QUERY ABOUT POWDERY MILDEW MANAGEMENT IN TOMATO","--RECOMMENDED TO SPRAY  HEXACONAZOLE  CONTAF 400 ML 200 LITRES OF WATER  ACRE     400     200       ",16.2915,80.4542
MULSHI,Vegetables,2022,1,22,Tomato,PUNE,"Plant Protection",nan,HORTICULTURE,MAHARASHTRA,"FARMER ASKED ABOUT ATTACK OF DOWNY BLIGHT OR POWDERY MILDEW ON TOMATO  ","  15       ",18.5214,73.8545
AUSA,Vegetables,2022,1,27,Tomato,LATUR,"Plant Protection",nan,HORTICULTURE,MAHARASHTRA,"ASKED ABOUT  ATTACK OF POWDERY MILDEW ON TOMATO ","      WP -        ",18.3553,76.7549
TIMIRI,Vegetables,2022,1,21,Tomato,VELLORE,"Plant Protection",nan,HORTICULTURE,TAMILNADU,"Asking about Powdery mildew management in tomato 20 DAT"," :      :    10         ",12.9022,79.0611
BIKAPUR,Vegetables,2022,1,2,Tomato,FAIZABAD,"Plant Protection",nan,HORTICULTURE,"UTTAR PRADESH","Information about powdery mildew control in tomato crop ","        50   400       200        ",26.7789,82.1427
GHATTU,Vegetables,2022,1,25,Tomato,"JOGULAMBA GADWAL","Plant Protection",nan,HORTICULTURE,TELANGANA,"TOMATO AND BEANS  POWDERY MILDEW MANAGEMENT -","RECOMMENDED TO SPRAY  HEXACONAZOLE  CONTAF 400 ML 200 LITRES OF WATER  ACRE     400     200       ",16.0999,77.7342
DEVARUPPULA,Vegetables,2022,2,4,Tomato,JANGAON,"Plant Protection",nan,HORTICULTURE,TELANGANA,"powdery mildew management in tomato","Recommended to spray Myclobutanil  Index 150gm acre ",17.7466,79.2407
GEESUGONDA,Vegetables,2022,2,11,Tomato,"WARANGAL RURAL","Plant Protection",nan,HORTICULTURE,TELANGANA,"tomato powdery mildew management ","RECOMMENDED TO SPRAY HEXACONAZOLEcaptan  250 GRAMS  150 LITRES OF WATER ACRE  ",17.9689,79.5941
GIDDALURU,Vegetables,2022,3,26,Tomato,PRAKASAM,"Plant Protection",nan,HORTICULTURE,"ANDHRA PRADESH","FARMER ASKED QUERY ON POWDERY MILDEW MANAGEMENT IN TOMATO","RECOMMENDED TO SPRAY HEXACONAZOLE 400 ML 200 LITRES OF WATER PER ACRE",15.6643,79.4733
BODLA,Vegetables,2022,3,29,Tomato,KABEERDHAM,"Plant Protection",nan,HORTICULTURE,CHHATTISGARH,"Farmer wants to know about control of Powdery Mildew Disease in Tomato ","                 25   10                          15        40            ",21.6637,81.8406
MANORA,Vegetables,2022,4,17,Tomato,WASHIM,"Plant Protection",nan,HORTICULTURE,MAHARASHTRA,"FARMER ASKED ABOUT CONTROL OF POWDERY MILDEW ATTACK ON TOMATO CROP","     -   -         ",20.2874,77.237
"RAMPUR SANRAMGARH",Vegetables,2022,4,25,Tomato,PRATAPGARH,"Plant Protection",nan,HORTICULTURE,"UTTAR PRADESH","Provide information for powdery mildew disease control in tomato crop ","              80  2  25           ",25.75,81.75
IGATPURI,Vegetables,2022,5,5,Tomato,NASIK,"Plant Protection",nan,HORTICULTURE,MAHARASHTRA,"FARMER ASKED ABOUT FOR CONTROL ATTACK OF JASSIDS AND POWDERY MILDEW ON TOMATO CROP ","      :-                ",19.9613,73.8317
AKOLE,Vegetables,2022,5,21,Tomato,AHMADNAGAR,"Plant Protection",nan,HORTICULTURE,MAHARASHTRA,"FARMER ASKED ABOUT POWDERY MILDEW ON TOMATO  ","  -            EC                 SC     ",19.0744,74.722
AKOLE,Vegetables,2022,5,26,Tomato,AHMADNAGAR,"Plant Protection",nan,HORTICULTURE,MAHARASHTRA,"FARMER ASKED ABOUT FOR CONTROL ATTACK OF POWDERY MILDEW ON TOMATO CROP ","     :-               SC ",19.0744,74.722
SUMERPUR,Vegetables,2022,5,22,Tomato,UNNAO,"Plant Protection",nan,HORTICULTURE,"UTTAR PRADESH","Information about Powdery Mildew and Downy Mildew Disease Management in Tomato Crop "," Metalaxyl 8 Mancozeb 64 WP 400    200       ",26.5673,80.6198
PEDDATHIPPASAMUDRAM,Vegetables,2022,6,19,Tomato,CHITTOOR,"Plant Protection",nan,HORTICULTURE,"ANDHRA PRADESH","Farmer asked query on Disease management in powdery mildew  tomato  ","RECOMMENDED TO SPRAY THIOPHANATE METHYL TOPSIN-M 200 GRAMS200 LITRES OF WATER  ACRE powdery mildew  Chemical composition: Iprovalicarb 55  Propineb 6125 ww WP Dosage: 600 gmacreMELODY DUO bayer ",13.2026,79.0032
SINNAR,Vegetables,2022,6,4,Tomato,NASIK,"Plant Protection",nan,HORTICULTURE,MAHARASHTRA,"FARMER ASKED ABOUT CONTROL OF POWDERY MILDEW ON TOMATO CROP","     -    EC -           ",19.9613,73.8317
BAMSON,Vegetables,2022,7,12,Tomato,HAMIRPUR,"Plant Protection",nan,HORTICULTURE,"HIMACHAL PRADESH","Information regarding control of Powdery Mildew in Tomato","        0 5    1        ",31.654,76.5404
YEOLA,Vegetables,2022,7,24,Tomato,NASIK,"Fertilizer Use and Availability",nan,HORTICULTURE,MAHARASHTRA,"FARMER ASKED ABOUT ATTACK OF DOWNY BLIGHT OR POWDERY MILDEW ON  tomato ","             ",19.9613,73.8317
KARANJIA,Vegetables,2022,7,19,Tomato,MAYURBHANJ,"Plant Protection",nan,HORTICULTURE,ODISHA,"Powdery mildew in Tomato","Recommended to spray Azoxystrobin 23 SC 1ml per litre of water to control Powdery mildew in Tomato",21.9156,86.3962
BHITAURA,Vegetables,2022,7,27,Tomato,FATEHPUR,"Plant Protection",nan,HORTICULTURE,"UTTAR PRADESH","Information about powdery mildew  Dieback Disease control in Tomato vegetables crop  ","    -- 11   183   - 15 ML 15        ",25.8348,80.9155
RAPTADU,Vegetables,2022,8,15,Tomato,ANANTPUR,"Plant Protection",nan,HORTICULTURE,"ANDHRA PRADESH","farmer asked about powdery mildew management in tomato ","RECOMMENDED TO SPRAY  HEXACONAZOLE  CONTAF 400 ML 200 LITRES OF WATER  ACRE     400     200       ",13.5747,78.5029
"B KODUR",Vegetables,2022,8,6,Tomato,"Y S R ","Plant Protection",nan,HORTICULTURE,"ANDHRA PRADESH","farmer asked about powdery mildew management in tomato ","RECOMMENDED TO SPRAY  HEXACONAZOLE  CONTAF 400 ML 200 LITRES OF WATER  ACRE     400     200          orRecommended to spray Myclobutanil  Index 150gm 200 Liters of water acre ",15.9241,80.1864
SOLAN,Vegetables,2022,8,26,Tomato,SOLAN,"Plant Protection",nan,HORTICULTURE,"HIMACHAL PRADESH","Information regarding control of Powdery Mildew in Tomato","        0 5    1        ",30.9078,77.1024
GEORAI,Vegetables,2022,8,2,Tomato,BEED,"Plant Protection",nan,HORTICULTURE,MAHARASHTRA,"POWDERY MILDEW  ON TOMATO  "," 30        AL  WP   ",18.9918,75.9098
SOHELLA,Vegetables,2022,8,13,Tomato,BARGARH,"Plant Protection",nan,HORTICULTURE,ODISHA,"Powdery mildew apperance in Tomato Field","Recommended to spray Azoxystrobin 23 SC  200 ml per 200 litre of water per 1 acre of land ",21.232,83.5653
ASAFPUR,Vegetables,2022,8,18,Tomato,BADAUN,"Plant Protection",nan,HORTICULTURE,"UTTAR PRADESH"," Information about control of Powdery Mildew in tomato crop","               Copper Oxychloride 50 WP 500       150-200            ",28.0649,79.0438
UMARKHED,Vegetables,2022,9,19,Tomato,YEVATMAL,"Plant Protection",nan,HORTICULTURE,MAHARASHTRA,"FARMER ASKED ABOUT ATTACK OF DOWNY BLIGHT OR POWDERY MILDEW ON TOMATO ","       40        ",18.9068,75.6742
DINDORI,Vegetables,2022,10,24,Tomato,NASIK,"Plant Protection",nan,HORTICULTURE,MAHARASHTRA,"FARMER ASKED ABOUT ATTACK OF DOWNY BLIGHT OR POWDERY MILDEW ON TOMATO ","      40       ",19.9613,73.8317
VAIJAPUR,Vegetables,2022,10,1,Tomato,AURANGABAD,"Plant Protection",nan,HORTICULTURE,MAHARASHTRA,"FARMER ASKED ABOUT POWDERY MILDEW DISEASE ON TOMATO CROP ","  07       ",19.8773,75.339
DASAPALLA,Vegetables,2022,10,23,Tomato,NAYAGARH,"Plant Protection",nan,HORTICULTURE,ODISHA,"Powdery mildew disease  in Tomato","Recommended to spray Antracol Tricyclazole 18  Mancozeb 62 WP                  ",20.2394,85.0507
PATTHALGAON,Vegetables,2022,10,18,Tomato,JASHPUR,"Plant Protection",nan,HORTICULTURE,CHHATTISGARH,"Farmer wants to know fungicide name for downy powdery mildew for cauliflower crop","                  83   667    600       150-200            ",22.7703,83.9708
SAJA,Vegetables,2022,10,30,Tomato,Bemetara,"Plant Protection",nan,HORTICULTURE,CHHATTISGARH,"Farmer Wants To Know Information About Powdery Mildew In Tomato ","                   50                -          ",21.6784,81.4413
RANAPUR,Vegetables,2022,11,23,Tomato,NAYAGARH,"Plant Protection",nan,HORTICULTURE,ODISHA,"powdery mildew disease in tomato ","Recommended to spray broad spectrum fungicide Custodia  azoxystrobin 11  tebuconazole 183  SC   400 ml per 200 litre of water per 1 acre of land2mllt of water 30ml15lt of water or recommended to spray Nativo Tebuconazole 50  Trifloxystrobin 25 WG  100 g in 200 Litre water 8 g in 15 Litre water",20.2394,85.0507
SYALDEY,Vegetables,2022,11,15,Tomato,ALMORA,"Plant Protection",nan,HORTICULTURE,UTTARAKHAND,"Powdery mildew in tomatoes","     8   64 WP 2         ",29.7027,79.4326
KODAD,Vegetables,2022,11,26,Tomato,SURYAPET,"Plant Protection",nan,HORTICULTURE,TELANGANA,"Powdery mildew on tomato","RECOMMENDED TO SPRAY METALAXYL   RIDOMIL 200 GRAMS  200 LITRES OF WATER ACRE   RECOMMENDED TO SPRAY METALAXYLMANCOZEB INDFIL - MATCO800 GRAMS  200 LITRES OF WATER ACRE   RECOMMENDED TO SPRAY HEXACONAZOLE  CAPTAN TAQAT 400 GRAMS200 LITRES OF WATER ACRE",17.08,79.7925
PUSAD,Vegetables,2022,12,9,Tomato,YEVATMAL,"Plant Protection",nan,HORTICULTURE,MAHARASHTRA,"FARMER ASKED ABOUT POWDERY MILDEW ON TOMATO ","    30            ",18.9068,75.6742
SAKRI,Vegetables,2023,1,10,Tomato,DHULE,"Plant Protection",nan,HORTICULTURE,MAHARASHTRA,"Farmer asked about control of  POWDERY MILDEW on Tomato  crop ","        WP           ",21.1305,74.4901
RUPAIDEEH,Vegetables,2023,1,10,Tomato,GONDA,"Field Preparation",nan,HORTICULTURE,"UTTAR PRADESH","Information about Powdery mildew Disease control in Tomato vegetables crop  ","      12   63 WP  - 300  180       ",27.1104,81.9239
SATYABADI,Vegetables,2023,2,25,Tomato,PURI,"Plant Protection",nan,HORTICULTURE,ODISHA,"Powdery mildew in Tomato","Recommended to spray Wettable sulphur 80 WP  800 g per 200 litre of water per 1 acre of land 4 g Per 1 Litre",19.8076,85.8253
PERIYANAYAKKANPALAYAM,Vegetables,2023,2,15,Tomato,COIMBATORE,"Plant Protection",nan,HORTICULTURE,TAMILNADU,"Asking about Powdery Mildew management in tomato",":      : :      25     ",11.0018,76.9628
TRIVEDIGANJ,Vegetables,2023,2,17,Tomato,BARABANKI,"Plant Protection",nan,HORTICULTURE,"UTTAR PRADESH","Provide information for powdery mildew disease control in tomato crop ","             75  500     200       ",26.9421,81.3856
NICHLAUL,Vegetables,2023,2,20,Tomato,MAHARAHGANJ,"Plant Protection",nan,HORTICULTURE,"UTTAR PRADESH","information about powdery mildew disease control in Tomato crop ","--     8   64 WP     - 400     30    -400ml   180-200                ",27.1303,80.8597
KHATAV,Vegetables,2023,3,19,Tomato,SATARA,"Plant Protection",nan,HORTICULTURE,MAHARASHTRA,"FARMER ASKED ABOUT CONTROL OF ATTACK OF POWDERY MILDEW ON TOMATO CROP","         -         ",17.6361,74.2983
MANGALVEDHE,Vegetables,2023,3,9,Tomato,SOLAPUR,"Plant Protection",nan,HORTICULTURE,MAHARASHTRA,"FARMER ASKED ABOUT ATTACK OF POWDERY MILDEW AND CATERPILLAR IN TOMATO ","       7  8                             SC     ",17.8499,75.2763
TALODA,Vegetables,2023,3,27,Tomato,NANDURBAR,"Plant Protection",nan,HORTICULTURE,MAHARASHTRA,"Farmer asked about powdery mildew attack on tomato","                  WP",21.5142,74.5406
BAGICHA,Vegetables,2023,3,17,Tomato,JASHPUR,"Plant Protection",nan,HORTICULTURE,CHHATTISGARH,"The farmer wants information about what to do in the tomato crop damaged by Powdery Mildew  ","                  400-450          150-200         I",22.7703,83.9708
DUBBAK,Vegetables,2023,3,12,Tomato,SIDDIPET,"Plant Protection",nan,HORTICULTURE,TELANGANA,"TOMATO POWDERY MILDEW MANAGEMENT ","RECOMMENDED TO SPRAY DINOCAP  200 ML 200 LITRES OF WATER  ACRE    200     200        ",18.0056,78.8961
DEVARUPPULA,Vegetables,2023,4,8,Tomato,JANGAON,"Plant Protection",nan,HORTICULTURE,TELANGANA,"  FARMER ASKED QUERY ON POWDERY MILDEW CONTROL IN TOMATO","RECOMMENDED TO SPRAY  HEXACONAZOLE  CONTAF 400 ML 200 LITRES OF WATER  ACRE     400     200       ",17.7466,79.2407
PARGI,Vegetables,2023,4,29,Tomato,VIKARABAD,"Plant Protection",nan,HORTICULTURE,TELANGANA,"POWDERY MILDEW MANAGEMENT IN TOMATO ","RECOOMENDED TO SPRAY  MICLO BUTANIL  INDEX 150 -200 GRAMS  200 LITRES OF WATER  ACRE",17.2703,77.7453
KAMALGANJ,Vegetables,2023,5,29,Tomato,FARRUKHABAD,"Plant Protection",nan,HORTICULTURE,"UTTAR PRADESH","Information about the control of powdery mildew in tomato crop ","        50 WP 30   15       ",27.4362,79.4895
HARAKH,Vegetables,2023,5,30,Tomato,BARABANKI,"Plant Protection",nan,HORTICULTURE,"UTTAR PRADESH","Information about Powdery Mildew Problem in Tomato Crop","               70 WP  400      200              ",26.9421,81.3856
PARGI,Vegetables,2023,5,8,Tomato,VIKARABAD,"Plant Protection",nan,HORTICULTURE,TELANGANA,"powdery mildew management in tomato crop ","RECOMMENDED TO SPRAY  HEXACONAZOLE  CONTAF 400 ML 200 LITRES OF WATER  ACRE     400     200       ",17.2703,77.7453
VALVA-ISLAMPUR,Vegetables,2023,6,9,Tomato,SANGLI,"Plant Protection",nan,HORTICULTURE,MAHARASHTRA,"FARMER ASKED ABOUT ATTACK OF POWDERY MILDEW ON TOMATO ","    - 45       ",17.1727,74.5868
VALVA-ISLAMPUR,Vegetables,2023,6,17,Tomato,SANGLI,"Plant Protection",nan,HORTICULTURE,MAHARASHTRA,"FARMER ASKED ABOUT ATTACK OF POWDERY MILDEW AND SUCKING ON TOMATO ","       11183 ww SC                        ",17.1727,74.5868
VALVA-ISLAMPUR,Vegetables,2023,6,27,Tomato,SANGLI,"Nutrient Management",nan,HORTICULTURE,MAHARASHTRA,"ASKED ABOUT ATTACK OF DOWNY BLIGHT OR POWDERY MILDEW ON TOMATO ","    -     68    4 WP30 15    ",17.1727,74.5868
RAJNANDGAON,Vegetables,2023,6,30,Tomato,"RAJ NANDGAON","Plant Protection",nan,HORTICULTURE,CHHATTISGARH,"Farmer needs information regarding control of Powdery mildew in Tomato nursery  ","                80     1         -       I",21.6637,81.8406
KAMBADUR,Vegetables,2023,7,20,Tomato,ANANTPUR,"Plant Protection",nan,HORTICULTURE,"ANDHRA PRADESH","TOMATO   POWDERY MILDEW CONTROL MANAGEMENT ","RECOMMENDED TO SPRAY PROPACONAZOLE  TILT 200 ML PER  ACRE  WITH 200 LIT WATERRecommended to spray Myclobutanil  Index 150gm acre ",13.5747,78.5029
CHENNEKOTHAPALLE,Vegetables,2023,7,24,Tomato,ANANTPUR,"Plant Protection",nan,HORTICULTURE,"ANDHRA PRADESH","farmer asked about powdery mildew management in tomato","RECOMMENDED TO SPRAY  HEXACONAZOLE  CONTAF 400 ML 200 LITRES OF WATER  ACRE     400     200       ",13.5747,78.5029
KUDAIR,Vegetables,2023,7,31,Tomato,ANANTPUR,"Plant Protection",nan,HORTICULTURE,"ANDHRA PRADESH","FARMER ASKED QUERY ABOUT POWDERY MILDEW MANAGEMENT IN TOMATO","RECOMMENDED TO SPRAY Fluxapyroxad  pyraclostrobin MERIVON 150 ML PER ACRE",13.5747,78.5029
SOMALA,Vegetables,2023,7,8,Tomato,CHITTOOR,"Plant Protection",nan,HORTICULTURE,"ANDHRA PRADESH","POWDERY MILDEW  MANAGEMENT IN TOMATO","RECOMMENDED TO SPRAY  HEXACONAZOLE  CONTAF 400 ML 200 LITRES OF WATER  ACRE     400     200       ",13.2026,79.0032
SOMALA,Vegetables,2023,7,19,Tomato,CHITTOOR,"Plant Protection",nan,HORTICULTURE,"ANDHRA PRADESH","TOMATO POWDERY MILDEW CONTROL MANAGEMENT ","   400     200       RECOMMENDED TO SPRAY MYCLOBUTANIL INDEX 150GM ACRE    400     200         ",13.2026,79.0032
ALOT,Vegetables,2023,8,4,Tomato,RATLAM,"Plant Protection",nan,HORTICULTURE,"MADHYA PRADESH","Farmer want to know how to control powdery mildew in  tomato  crop ","          50  25 ww WG 75 WG  15    2    15       I Nativo Bayer Crop Science ",23.5022,74.9552
ANDIPATTI,Vegetables,2023,8,8,Tomato,THENI,"Plant Protection",nan,HORTICULTURE,TAMILNADU,"asked about powdery mildew management in tomato"," :         :  2   2  1    ",9.86926,77.4223
SHIVPURI,Vegetables,2023,9,17,Tomato,SHIVPURI,"Plant Protection",nan,HORTICULTURE,"MADHYA PRADESH","Farmer wants know information about Powdery mildew  Fruit rot Leaf spot  Pod blight in tomato  crop","            10   65 WDG 50           ",25.3741,77.8279
SOHELLA,Vegetables,2023,9,13,Tomato,BARGARH,"Plant Protection",nan,HORTICULTURE,ODISHA,"Powdery mildew in tomato","Advise to apply Amistar top  Azoxystrobin 182 WW  Difenoconazole 114 WW SC 200ml200lt of water1ml1lt water",21.232,83.5653
SOHELLA,Vegetables,2023,9,13,Tomato,BARGARH,"Plant Protection",nan,HORTICULTURE,ODISHA,"Powdery mildew in tomato","Advise to apply Amistar top  Azoxystrobin 182 WW  Difenoconazole 114 WW SC 200ml200lt of water1ml1lt water",21.232,83.5653
GANGAVALLI,Vegetables,2023,9,25,Tomato,SALEM,"Plant Protection",nan,HORTICULTURE,TAMILNADU,"Asked about Sucking pests and Powdery mildew management for Tomato "," :           :   05     2    1     ",11.647,78.2107
KAMBADUR,Vegetables,2023,10,7,Tomato,ANANTPUR,"Plant Protection",nan,HORTICULTURE,"ANDHRA PRADESH","powdery mildew management in tomato","RECOMMENDED TO SPRAY  HEXACONAZOLE  CONTAF 400 ML 200 LITRES OF WATER  ACRE     400     200       ",13.5747,78.5029
BUKKAPATNAM,Vegetables,2023,10,14,Tomato,ANANTPUR,"Plant Protection",nan,HORTICULTURE,"ANDHRA PRADESH","FARMER ASKED QUERY ABOUT POWDERY MILDEW MANAGEMENT IN TOMATO","RECOMMENDED TO SPRAY WETTABLE SULPHUR  THIOVIT 600 GRAMS200 LITRES OF WATER  ACRE      600   200          ",13.5747,78.5029
DHARMAVARAM,Vegetables,2023,10,22,Tomato,ANANTPUR,"Plant Protection",nan,HORTICULTURE,"ANDHRA PRADESH","farmer asked query on Powdery mildew management in tomato  ","RECOMMENDED TO SPRAY  PROPICONAZOLE  25EC TILT 200 ML 200 LITRES OF WATER  ACRE ",13.5747,78.5029
LAKKIREDDIPALLE,Vegetables,2023,11,9,Tomato,"Y S R ","Plant Protection",nan,HORTICULTURE,"ANDHRA PRADESH","FARMER ASKED QUERY ON POWDERY MILDEW  MANAGEMENT IN TOMATO","RECOMMENDED TO SPRAY KARATHANE DINOCAP -200MLACRE 200 LIT OF WATER",15.9241,80.1864
RAYADURG,Vegetables,2023,11,17,Tomato,ANANTPUR,"Plant Protection",nan,HORTICULTURE,"ANDHRA PRADESH","Farmer asked about powdery mildew management in chilli ","Recommended to spray Myclobutanil  Nagarjuna- Index 150gm acre ",13.5747,78.5029
"NAGROTA BAGWAN",Vegetables,2023,11,25,Tomato,KANGRA,"Plant Protection",nan,HORTICULTURE,"HIMACHAL PRADESH","Information regarding control of Powdery Mildew in Tomato","        0 5    1        ",32.0769,76.2986
PEDDATHIPPASAMUDRAM,Vegetables,2024,1,19,Tomato,CHITTOOR,"Plant Protection",nan,HORTICULTURE,"ANDHRA PRADESH","FARMER ASKED QUERY ABOUT EARLY BLIGHT AND POWDERY MILDEW MANAGEMENT IN TOMATO","RECOMMENDED TO SPRAY  TEBUCONAZOLE 50  TRIFLOXYSTROBIN 25 WG BAYER NATIVO - 160 GRAMS  200 LITERS OF WATERACRE 50   25 WG    160   200         ",13.2026,79.0032
DEVARUPPULA,Vegetables,2024,1,18,Tomato,JANGAON,"Plant Protection",nan,HORTICULTURE,TELANGANA,"FARMER ASKED QUERY ON POWDERY MILDEW MANAGEMENT IN TOMATO","RECOMMENDED TO SPRAY WETTABLE SULPHUR  THIOVIT 600 GRAMS200 LITRES OF WATER  ACRE      600   200         ",17.7466,79.2407
DEVARUPPULA,Vegetables,2024,1,20,Tomato,JANGAON,"Plant Protection",nan,HORTICULTURE,TELANGANA,"QUERY ON POWDERY MILDEW MANAGEMENT IN TOMATO","RECOMMENDED TO SPRAY WETTABLE SULPHUR  THIOVIT 600 GRAMS200 LITRES OF WATER  ACRE         600     200          ",17.7466,79.2407
PHIRINGIA,Vegetables,2024,2,26,Tomato,KANDHAMAL,"Plant Protection",nan,HORTICULTURE,ODISHA,"Powdery mildew in tomato","--Recommended to spray Wettable sulphur 80 WP  800 g per 200 litre of water per 1 acre of land 4 g Per 1 Litre for control of powdery mildew in tomato",20.1307,84.079
DEVARUPPULA,Vegetables,2024,2,14,Tomato,JANGAON,"Plant Protection",nan,HORTICULTURE,TELANGANA,"FARMER ASKED QUERY ABOUT POWDERY MILDEW MANAGEMENT IN TOMATO","Recommended to spray Myclobutanil  Nagarjuna- Index 150gm acre ",17.7466,79.2407
DEVARUPPULA,Vegetables,2024,2,26,Tomato,JANGAON,"Plant Protection",nan,HORTICULTURE,TELANGANA,"FARMER ASKED QUERY ABOUT POWDERY MILDEW MANAGEMENT IN TOMATO","RECOMMENDED TO SPRAY  WATER SOLUBLE SULPHUR 600 GRAMS200 LITRES OF WATER  ACRE          600     200          ",17.7466,79.2407
SINNAR,Vegetables,2024,3,13,Tomato,NASIK,"Plant Protection",nan,HORTICULTURE,MAHARASHTRA,"Attack of powdery mildew on Tomato "," -       07       ",19.9613,73.8317
"MADANPUR    RAMPUR",Vegetables,2024,3,5,Tomato,KALAHANDI,"Plant Protection",nan,HORTICULTURE,ODISHA,"Powdery mildew in Tomato","Recommended to spray Wettable sulphur 80 WP  800 g per 200 litre of water per 1 acre of land 4 g Per 1 Litre",19.8266,83.0409
PATAN,Vegetables,2024,3,17,Tomato,PALAMU,"Plant Protection",nan,HORTICULTURE,JHARKAND,"Powdery mildew in Tomato","             2 gm        15     3    ",24.2213,84.1726
BAKAWAND,Vegetables,2024,3,25,Tomato,BASTAR,"Plant Protection",nan,HORTICULTURE,CHHATTISGARH,"Farmer wants information regarding  control of Powdery mildew in Tomato Crop","               8   64      600          15-20        150  200        ",19.1191,81.8292
NASHIK,Vegetables,2024,3,29,Tomato,NASIK,"Plant Protection",nan,HORTICULTURE,MAHARASHTRA,"POWDERY MILDEW  ON TOMATO  "," 30              ",19.9613,73.8317
SOMALA,Vegetables,2024,4,5,Tomato,CHITTOOR,"Plant Protection",nan,HORTICULTURE,"ANDHRA PRADESH","TOMATO powdery mildew control management  ","  200     200         Lustre  -- 384-400 ml acre",13.2026,79.0032
SOMALA,Vegetables,2024,4,5,Tomato,CHITTOOR,"Plant Protection",nan,HORTICULTURE,"ANDHRA PRADESH","FARMER ASKED QUERY ON ABOUT POWDERY MILDEW  MANAGEMENT IN TOMATO","Recommended to spray Myclobutanil  Nagarjuna- Index 150gm acre ORRECOMMENDED TO SPRAY WETTABLE SULPHUR  THIOVIT 600 GRAMS200 LITRES OF WATER  ACRE         600     200          ",13.2026,79.0032
SOMALA,Vegetables,2024,4,5,Tomato,CHITTOOR,"Plant Protection",nan,HORTICULTURE,"ANDHRA PRADESH","FARMER ASKED QUERY ON POWDERY MILDEW MANAGEMENT IN TOMATO ","CROPSTARGET PEST DISEASEDOSE PER ACREPaddySheath Blight 384 mlGroundnut Stem rot Early leaf spot Late leaf spot 384 mlChilli Powdery mildew Leveillula taurica Fruit rot Alternaria solani Die Back Colletotrichum capsici 384-400 mlAppleAlternaria blotch Alternaria mali and Premature leaf fall Marssonina coronaria 65ml100 litre",13.2026,79.0032
SOMALA,Vegetables,2024,4,6,Tomato,CHITTOOR,"Plant Protection",nan,HORTICULTURE,"ANDHRA PRADESH","FARMER ASKED QUERY ABOUT POWDERY MILDEW MANAGEMENT IN TOMATO","RECOMMENDED TO SPRAY HEXACONAZOLE CONTAF 400 ML 200 LITRES OF WATER  ACRE    400     200       ORRECOMMENDED TO SPRAY AZOXYSTROBIN  AMISTER 150 - 200 ML 200 LITRES OF WATER ACRE   150 - 200    200       PM",13.2026,79.0032
NIMMANAPALLE,Vegetables,2024,4,12,Tomato,CHITTOOR,"Plant Protection",nan,HORTICULTURE,"ANDHRA PRADESH","FARMER ASKED QUERY ABOUT POWDERY MILDEW MANAGEMENT IN TOMATO","RECOMMENDED TO SPRAY HEXACONAZOLE  CAPTAN TAQAT 400 GRAMS200 LITRES OF WATER ACRE    400    200         ORRECOMMENDED TO SPRAY FLUOPYRAM 177  TEBUCONAZOLE 177 ww SC LUNA EXPERIENCE 200 ML  200 LITERS OF WATERACRE 177  177 ww SC    200    200         ",13.2026,79.0032
IGATPURI,Vegetables,2024,4,9,Tomato,NASIK,"Plant Protection",nan,HORTICULTURE,MAHARASHTRA,"FARMER ASKED ABOUT POWDERY MILDEW DISEASE FOR TOMATO CROP","     -  -       ",19.9613,73.8317
SAMBEPALLE,Vegetables,2024,4,21,Tomato,"Y S R ","Plant Protection",nan,HORTICULTURE,"ANDHRA PRADESH","POWDERY MILDEW MANAGEMENT IN TOMATO","RECOMMENDED TO SPRAY WETTABLE SULPHUR 600 GMACRE 3GM1 LTR OF WATER",15.9241,80.1864
CHOWDEPALLE,Vegetables,2024,4,23,Tomato,CHITTOOR,"Plant Protection",nan,HORTICULTURE,"ANDHRA PRADESH","TOMATO POWDERY MILDEW CONTROL MANAGEMENT ","Recommended to spray Myclobutanil  Index 150gm 200 Liters of water acre RECOMMENDED TO SPRAY KARATHANE DINOCAP -200MLACRE 200 LIT OF WATER",13.2026,79.0032
SOMALA,Vegetables,2024,4,25,Tomato,CHITTOOR,"Plant Protection",nan,HORTICULTURE,"ANDHRA PRADESH","farmer asked query on Powdery mildew management in tomato  ","RECOMMENDED TO SPRAY  PROPICONAZOLE  25EC TILT 200 ML 200 LITRES OF WATER  ACRE  ",13.2026,79.0032
KANAND,Vegetables,2024,5,7,Tomato,AURANGABAD,"Plant Protection",nan,HORTICULTURE,MAHARASHTRA,"FARMER ASKED ABOUT CONTROL ATTACK OF POWDERY MILDEW IN TOMATO CROP ","    -    -          ",19.8773,75.339
CHOWDEPALLE,Vegetables,2024,5,18,Tomato,CHITTOOR,"Plant Protection",nan,HORTICULTURE,"ANDHRA PRADESH","FARMER ASKED QUERY ABOUT POWDERY MILDEW MANAGEMENT IN TOMATO ","RECOMMENDED TO SPRAY Fluxapyroxad   Pyraclostrobin MERIVON -80-100 MLACRE 200 LIT OF WATER",13.2026,79.0032
JOSHIPUR,Vegetables,2024,5,25,Tomato,MAYURBHANJ,"Plant Protection",nan,HORTICULTURE,ODISHA,"Powdery mildew in tomato","Recommended to spray Nativo Tebuconazole 50  Trifloxystrobin 25 WG  100 g in 200 Litre water 8 g in 15 Litre water per acre to control powdery mildew in tomato ",21.9156,86.3962
CHAUPAL,Vegetables,2024,6,18,Tomato,SHIMLA,"Plant Protection",nan,HORTICULTURE,"HIMACHAL PRADESH","Information regarding control of Powdery Mildew in Tomato","        0 5    1        ",31.1042,77.171
SOLAN,Vegetables,2024,6,18,Tomato,SOLAN,"Plant Protection",nan,HORTICULTURE,"HIMACHAL PRADESH","Information regarding control of Powdery Mildew in Tomato","        0 5    1        ",30.9078,77.1024
SHILLAI,Vegetables,2024,6,21,Tomato,SIRMAUR,"Plant Protection",nan,HORTICULTURE,"HIMACHAL PRADESH","Information regarding control of Powdery Mildew in Tomato","        0 5    1        ",30.6991,77.4465
KARSOG,Vegetables,2024,6,27,Tomato,MANDI,"Plant Protection",nan,HORTICULTURE,"HIMACHAL PRADESH","Information regarding control of Powdery Mildew in Tomato","        0 5    1        ",31.6517,77.0093
CHOWDEPALLE,Vegetables,2024,7,2,Tomato,CHITTOOR,"Plant Protection",nan,HORTICULTURE,"ANDHRA PRADESH","FARMER ASKED QUERY ABOUT POWDERY MILDEW MANAGEMENT IN TOMATO"," 50   25 WG    140 - 160   200        ",13.2026,79.0032
INDAPUR,Vegetables,2024,7,6,Tomato,PUNE,"Plant Protection",nan,HORTICULTURE,MAHARASHTRA,"FARMER ASKED ABOUT ATTACK OF POWDERY MILDEW ON TOMATO CROP","              ",18.5214,73.8545
SOMALA,Vegetables,2024,7,11,Tomato,CHITTOOR,"Plant Protection",nan,HORTICULTURE,"ANDHRA PRADESH","farmer asked query on powdery mildew management in tomato  ","RECOMMENDED TO SPRAY  Propiconazole   Tricyclazole  Galileo Sensa   200MLACRE200 LIT OF WATER",13.2026,79.0032
BAGESHWAR,Vegetables,2024,7,11,Tomato,BAGESHWAR,"Plant Protection",nan,HORTICULTURE,UTTARAKHAND,"information about powdery mildew control in tomato ","              75 WP 2          ",30.0088,79.928
GAISILET,Vegetables,2024,7,13,Tomato,BARGARH,"Plant Protection",nan,HORTICULTURE,ODISHA,"Powdery mildew in Chilly ","Recommended to spray Wettable sulphur 80 WP  2 gm with 1 litre of water per 1 acre of land 4 g Per 1 Litre to control Powdery mildew in Chilly ",21.232,83.5653
GAISILET,Vegetables,2024,7,13,Tomato,BARGARH,"Plant Protection",nan,HORTICULTURE,ODISHA,"Powdery mildew in Tomato ","Recommended to spray Wettable sulphur 80 WP  800 g per 200 litre of water per 1 acre of land 4 g Per 1 Litre to control  Powdery mildew in Tomato ",21.232,83.5653
"MANDI SADAR",Vegetables,2024,7,20,Tomato,MANDI,"Plant Protection",nan,HORTICULTURE,"HIMACHAL PRADESH","Information regarding control of Powdery Mildew the fungus Oidium lycopersicum in Tomato","        0 5    1        ",31.6517,77.0093
PILER,Vegetables,2024,7,23,Tomato,CHITTOOR,"Plant Protection",nan,HORTICULTURE,"ANDHRA PRADESH","FArmer asked query about Powdery mildew management in tomato","RECOMMENDED TO SPRAY HEXACONAZOLE  CAPTAN TAQAT 400 GRAMS200 LITRES OF WATER ACRE    400    200         ",13.2026,79.0032
KALYANDRUG,Vegetables,2024,7,31,Tomato,ANANTPUR,"Plant Protection",nan,HORTICULTURE,"ANDHRA PRADESH","FARMER ASKED ABOUT TOMATO POWDERY MILDEW MANAGEMENT","RECOMMENDED TO SPRAY  HEXACONAZOLE  CONTAF 400 ML 200 LITRES OF WATER  ACRE     400     200       ",13.5747,78.5029
CHALLAKERE,Vegetables,2024,7,31,Tomato,CHITRADURGA,"Plant Protection",nan,HORTICULTURE,KARNATAKA,"Asked about POWDERY MILDEW Disease management in Tomato","Suggested to Spray 30 g Wettable sulphur 80WP   - 30 PESTICIDE                       :         INSECTICIDES              : DDT BHC HCN CS2    ",14.3049,76.5297
PEDDATHIPPASAMUDRAM,Vegetables,2024,8,3,Tomato,CHITTOOR,"Plant Protection",nan,HORTICULTURE,"ANDHRA PRADESH","FARMER ASKED QUERY ABOUT POWDERY MILDEW MANAGEMENT IN TOMATO ","RECOMMENDED TO SPRAY NISSODIUM  120 ML PER 200 LITERS OF WATER PER ACRE ",13.2026,79.0032
RAJGARH,Vegetables,2024,8,3,Tomato,SIRMAUR,"Plant Protection",nan,HORTICULTURE,"HIMACHAL PRADESH","Information regarding control of Powdery Mildewthe fungus Oidium lycopersicum in Tomato","        0 5    1        ",30.6991,77.4465
PEDDATHIPPASAMUDRAM,Vegetables,2024,8,7,Tomato,CHITTOOR,"Plant Protection",nan,HORTICULTURE,"ANDHRA PRADESH","Farmer asked query about powdery mildew in tomato "," RECOMMENDED TO SPRAY Fluxapyroxad   Pyraclostrobin MERIVON -80-100 MLACRE 200 LIT OF WATER",13.2026,79.0032
PEDDATHIPPASAMUDRAM,Vegetables,2024,8,8,Tomato,CHITTOOR,"Plant Protection",nan,HORTICULTURE,"ANDHRA PRADESH","FARMER ASKED QUERY ON POWDERY MILDEW MANAGEMENT IN TOMATO","Recommended to spray Myclobutanil  Index 150gm 200 Liters of water acre POWDERY MILDEWORRECOMMENDED TO SPRAY  HEXACONAZOLE  CONTAF 400 ML 200 LITRES OF WATER  ACRE     400     200       ",13.2026,79.0032
SANGMA,Vegetables,2024,8,14,Tomato,GARHWA,"Plant Protection",nan,HORTICULTURE,JHARKAND,"Query related to Powdery mildew in Tomato ","         Carbendazim 50 WP 2       ",24.0536,83.6527
AMARAPURAM,Vegetables,2024,8,15,Tomato,ANANTPUR,"Plant Protection",nan,HORTICULTURE,"ANDHRA PRADESH","farmer asked about powdery mildew management in tomato","RECOMMENDED TO SPRAY  HEXACONAZOLE  CONTAF 400 ML 200 LITRES OF WATER  ACRE     400     200       ",13.5747,78.5029
ALUR,Vegetables,2024,8,20,Tomato,KURNOOL,"Plant Protection",nan,HORTICULTURE,"ANDHRA PRADESH","farmer asked about powdery mildew management in tomato","RECOMMENDED TO SPRAY  HEXACONAZOLE  CONTAF 400 ML 200 LITRES OF WATER  ACRE     400     200       ",15.8309,78.0425
NALLAMADA,Vegetables,2024,8,24,Tomato,ANANTPUR,"Plant Protection",nan,HORTICULTURE,"ANDHRA PRADESH","FARMER ASKED QUERY ABOUT POWDERY MILDEW  ROT MANAGEMENT IN TOMATO ","      600 - 700    200         ",13.5747,78.5029
DEVANAKONDA,Vegetables,2024,9,10,Tomato,KURNOOL,"Plant Protection",nan,HORTICULTURE,"ANDHRA PRADESH","FARMER ASKED QUERY ABOUT POWDERY MILDEW MANAGEMENT IN TOMATO","      600 - 700    200         ",15.8309,78.0425
PEDDATHIPPASAMUDRAM,Vegetables,2024,9,10,Tomato,CHITTOOR,"Plant Protection",nan,HORTICULTURE,"ANDHRA PRADESH","FARMER ASKED QUERY ABOUT ROOT ROT  POWDERY MILDEW AND SPOT MANAGEMENT IN TOMATO","      600 - 700    200         ",13.2026,79.0032
DINDORI,Vegetables,2024,9,15,Tomato,NASIK,"Plant Protection",nan,HORTICULTURE,MAHARASHTRA,"farmer ASKED ABOUT attack of powdery mildew IN tomato corp  ","    -       WDG         ",19.9613,73.8317
TALAVADI,Vegetables,2024,9,9,Tomato,ERODE,"Plant Protection",nan,HORTICULTURE,TAMILNADU,"Asked about powdery mildew management for tomato ",":        :    carbendazim   2     ",11.4905,77.3505
TALAVADI,Vegetables,2024,10,9,Tomato,ERODE,"Plant Protection",nan,HORTICULTURE,TAMILNADU,"Asked about powdery mildew management for tomato information"," :       :     1           182    114 SC  1     ",11.4905,77.3505
CHINHAT,Vegetables,2024,10,29,Tomato,LUCKNOW,"Plant Protection",nan,HORTICULTURE,"UTTAR PRADESH","Information about powdery mildew and sucking pest control in tomato and chilli crops","                167  333 SC  7      70 WG  15             ",26.8381,80.9346
PAROO,Vegetables,2024,11,6,Tomato,MUZAFFARPUR,"Plant Protection",nan,HORTICULTURE,BIHAR,"Query related to Powdery mildew in Tomato ","                 25 Ec 1 ml          ",26.1483,85.3316
PEDDATHIPPASAMUDRAM,Vegetables,2024,11,16,Tomato,CHITTOOR,"Plant Protection",nan,HORTICULTURE,"ANDHRA PRADESH","FARMER ASKED QUERY ABOUT POWDERY MILDEW MANAGEMENT IN TOMATO","     600 - 800    200         ",13.2026,79.0032
PEDDATHIPPASAMUDRAM,Vegetables,2024,11,18,Tomato,CHITTOOR,"Plant Protection",nan,HORTICULTURE,"ANDHRA PRADESH","Farmer asked query about powdery mildew management in tomato ","   - 400     200       ",13.2026,79.0032
BHANJANAGAR,Vegetables,2024,11,20,Tomato,GANJAM,"Plant Protection",nan,HORTICULTURE,ODISHA,"Powdery mildew in tomato","Recommended to spray Nativo Tebuconazole 50  Trifloxystrobin 25 WG  100 g in 200 Litre water 8 g in 15 Litre water per acre",19.609,84.7081
KANAND,Vegetables,2024,12,5,Tomato,AURANGABAD,"Plant Protection",nan,HORTICULTURE,MAHARASHTRA,"FARMER  ASKED ABOUT SPRAY FOR CONTROL OF POWDERY MILDEW ON TOMATO CROP ","     -    EC                 ",19.8773,75.339
TUGGALI,Vegetables,2024,12,7,Tomato,KURNOOL,"Plant Protection",nan,HORTICULTURE,"ANDHRA PRADESH","FARMER ASKED QUERY ABOUT POWDERY MILDEW MANAGEMENT IN TOMATO","   240     200       ",15.8309,78.0425
KOTABAG,Vegetables,2024,12,7,Tomato,NAINITAL,"Plant Protection",nan,HORTICULTURE,UTTARAKHAND,"Information about the control of Powdery Mildew in Tomato crop ","       80    Sulphar 80 WDG  2                     50 WP Copper oxychloride 50  WP  25             ",29.3905,79.4609
KARANJA,Vegetables,2024,12,13,Tomato,WASHIM,"Fertilizer Use and Availability",nan,HORTICULTURE,MAHARASHTRA,"Attack of Powdery mildew on tomato","    -          ",20.2874,77.237
KANDHAR,Vegetables,2024,12,21,Tomato,NANDED,"Plant Protection",nan,HORTICULTURE,MAHARASHTRA,"Farmer asked about attack of Powdery mildew in tomato crop        ","           -                          50 -          ",19.094,77.4832
NURPUR,Vegetables,2024,12,24,Tomato,KANGRA,"Plant Protection",nan,HORTICULTURE,"HIMACHAL PRADESH","Information regarding Control of Powdery Mildew in Tomato ","        05    05    -80  2         ",32.0769,76.2986
SAKRAN,Vegetables,2025,1,26,Tomato,SITAPUR,"Plant Protection",,HORTICULTURE,"UTTAR PRADESH","Information about the control of powdery mildew in tomato","    80 WDG  400   200           ",27.5027,80.8335
BAR,Vegetables,2025,2,1,Tomato,LALITPUR,"Plant Protection",,HORTICULTURE,"UTTAR PRADESH","information about control of Powdery Mildew tomato crop","  Copper oxychloride 50  WP  500    200                ",24.7,78.5186
HALDWANI,Vegetables,2025,2,14,Tomato,NAINITAL,"Plant Protection",,HORTICULTURE,UTTARAKHAND,"Information about the control of powdery mildew in Tomato crop  ","             Sulphar 80 WDG  400    200         ",29.3905,79.4609
JUJOMURA,Vegetables,2025,3,21,Tomato,SAMBALPUR,"Plant Protection",,HORTICULTURE,ODISHA,"Powdery Mildew in Tomato","Recommended to apply Amistar top  Azoxystrobin 182 WW  Difenoconazole 114 WW SC  200ml  200lt of water15ml15lt water ",21.5571,84.1529
BARGUR,Vegetables,2025,3,9,Tomato,KRISHNAGIRI,"Plant Protection",,HORTICULTURE,TAMILNADU,"Asked about powdery mildew management on tomato ",":       :       5        ",12.5152,78.0094
